00220982000127
00222582000150
00282611000170
00472805000138
00820854000114
00827454000130
00849774000191
00890183000168
00937440000170
01029642000186
01579286000174
01814959000123
02016440000162
02120261000170
02248642000130
02334933000140
02740940000142
03094645000129
03698620000568
03772302000176
04164343000142
04297041000142
04896095000124
05024183000107
05078047000191
06145928000140
07027839000162
07148290000164
07198760000102
07544753000107
07656068000172
07704429000109
07721006000105
07928501000181
08146857000126
08164099000179
08469841000154
08949789000133
09065576000101
09172439000176
09223659000181
09227702000187
09360241000116
10249046000100
10278338000163
10412300000131
10506134000132
10558895000138
10915057000174
10942831000136
11717635000120
11738859000119
12253900000120
12535370000102
12931140000162
13591585000103
13622914000136
13851726000180
13859951000162
14283859000160
15247296000117
15630921000105
16599463000151
16877327000186
17083629000145
17695703000184
18245956000119
18587765000135
18720938000141
19042686000101
19055982000147
19061289000187
19371347000179
19626196000152
19921612000145
20096941000188
20815626000163
20874758000166
21763372000140
21985233000160
22798043000105
22835076000170
23484444000145
23691899000131
23791746000166
24027372000170
24295837000173
24347182000130
24503515000172
25103905000118
26219080000164
26277170000101
26329228000113
26743744000190
27021157000150
27254414000101
27487184000112
27500765000147
27599963000100
27743102000153
28257751000107
28344495000195
28482916000144
29026828000109
29039646000164
29084108000191
29095199000160
29304186000154
29426577000141
29499341000135
29725837000180
29782922000180
30037770000170
30360120000160
32091094000148
33220938000176
33388796000150
33467392000152
33519791000110
34094119000192
35096263000120
35142257000162
35335154000119
35654766000174
36015684000142
36216839000109
36445109000180
36577834000101
36642772000174
37002099000170
37039547000100
37127712000186
37305993000110
37417568000112
39308431000155
39534812000152
39921501000146
40002523000191
40671657000103
40881295000177
41083335000106
41367078000126
41482138000151
41484059000260
42438822000107
42489485000179
42531033000108
42704076000148
42706308000105
43371025000104
43588755000161
43887548000108
43933220000180
43942358000146
44101184000151
44101311000112
44734671002286
45008970000171
45230660000105
45668437000136
45908107000170
46687136000112
47690102000140
47725716000110
49876138000148
50008326000133
50410432000149
50433482000141
50558572000169
51365151000184
51482170000190
51550475000192
51890778000154
52978387000159
53464172000182
53594777000198
53616586000180
53795645000124
54801196000142
55656578000192
56963895000114
57185450000113
57623761000117
57823153000156
58210370000133
60569899000190
61508985000155
61608477000149
62408427000180
62503157000197
63051239000100
63329020000120
63477188000183
64972948000191
65215204000195
65444294000196
65633414000101
65785194000123
67729178000491
78509064000100
82286501000140
82607623000191
82662958000102
89713903000123
91967067000155
92232388000174
92853498000153
93336030000154
94521341000156
95257945000108
96446687000162
