00000000000191
00000000037788
00000000072699
00000000699306
00000028000129
00004992000125
00005599000156
00009881000101
00013225000182
00014345000102
00028986000108
00028986001007
00028986001180
00028986001260
00028986007978
00028986014672
00029372000221
00029372000302
00029372000736
00060909000135
00061493000170
00061616000172
00062861000102
00064332000130
00064702000139
00065178000110
00070414000197
00071760000190
00072182000106
00077401000140
00079488000194
00079526000109
00082024000137
00085822000112
00091051000176
00091707000150
00093197000150
00096572000116
00096960000105
00099750000162
00101167000149
00103498000118
00103582000131
00109576000515
00113772000130
00118060000103
00118694000166
00124054000169
00126130000175
00127042000198
00131299000113
00133240000164
00134204000115
00134748000187
00139736000145
00142402000120
00145589000116
00147794000110
00149209000111
00150952000191
00158217000124
00159291000165
00162145000199
00162340000119
00165960000101
00166768000130
00167424000145
00172255000131
00185997000100
00186474000170
00187919000136
00188868000167
00189818000102
00192707000147
00196198000120
00197503000107
00205753000133
00209243000134
00210399000135
00212337000162
00213778000189
00216210000111
00218105000111
00218327000134
00220520000100
00220583000166
00220982000127
00222582000150
00225960000150
00227081000167
00230138000187
00231249000108
00233733000176
00235639000156
00236854000171
00237161000101
00239339000145
00242312000101
00242351000109
00242376000102
00242921000160
00250388000189
00252409000103
00257143000183
00258246000168
00267908000166
00269173000100
00274868000180
00278912000120
00280346000190
00280757000186
00282611000170
00285563000173
00286988000105
00288790000152
00292081000140
00292081001708
00299904000160
00300400000112
00308141000176
00309173000196
00309893000151
00322908000111
00327149000341
00328717000167
00329696000102
00331788001271
00331788002758
00331788005005
00332661000114
00334273000172
00336234000104
00337607000161
00338387000190
00341351000166
00346071000140
00346953000106
00352294000110
00353783000197
00354734000179
00355276000192
00355785000115
00356328000145
00356746000132
00357598000170
00358423000188
00359234000120
00360305000104
00360305561483
00369046000182
00369401000113
00374557000192
00375698000120
00376660000171
00380000000164
00380314000167
00383121000160
00384114000182
00384799000167
00385090000186
00385574000125
00388026000159
00390052000111
00390381000162
00393793000156
00394772000155
00397695000197
00398099000121
00404762000153
00405527000104
00410954000172
00411441000186
00412637000195
00413707000120
00418081000144
00418283000196
00418746000110
00423563000192
00424732000109
00430571000166
00431383000152
00432870000130
00433699000183
00434177000104
00437218000108
00440605000101
00445188000181
00446616000190
00446851000162
00449824000143
00449936000102
00452422000106
00452461000103
00455771000173
00456470000164
00456865000167
00457898000121
00460831000146
00467916000156
00470915000160
00471957000116
00472805000138
00472805000308
00472805001533
00472805002505
00474973000162
00476605000153
00476612000155
00481987000103
00482840000138
00483184000198
00485542000100
00487626000174
00487964000106
00489015000165
00490967000107
00492308000100
00494577000105
00495124000195
00497373000110
00498565000140
00502003000123
00504389000102
00510077000101
00512930000124
00517281000154
00519358000125
00521113000132
00526288000132
00528262000123
00532330000128
00533368000115
00534726000104
00535560000140
00539962000113
00541146000144
00546494000104
00546899000142
00565011000119
00567892000107
00570460000155
00573195000169
00580846000148
00582074000264
00585424000165
00585900000148
00591492000137
00594381000184
00598693000166
00598908000149
00600238000158
00601780000125
00603139000120
00604122000197
00604322000140
00609820000185
00610681000100
00617247000151
00623468000132
00624632000126
00624884000155
00625015000145
00625186000174
00628020000101
00628815000110
00629952000179
00634678000126
00634770000196
00636230000141
00637923000159
00641620000100
00643351000110
00643740000146
00645310000163
00645535000110
00652409000192
00656809000176
00659005000120
00660664000187
00661825000157
00662065000100
00662270000320
00662315000102
00665448000124
00674506000186
00676629000156
00677870000523
00679644000158
00679912000131
00680391000132
00682913000135
00683640000143
00684621000131
00687495000179
00688075000450
00688461000107
00688529000140
00694920000157
00695978000115
00703697000167
00706418000119
00707897000198
00711029000181
00713570000129
00714836000158
00716772000124
00717643000150
00720129000174
00721312000194
00729193000116
00730326000174
00731508000160
00736489000164
00737669000160
00744497000152
00744610000108
00745809000142
00751145000124
00752867000101
00757668000188
00759039000197
00761829000107
00766789000196
00767958000102
00771945000107
00777345000156
00778754000177
00779059000120
00781077000146
00782613000128
00787540000167
00794165000182
00796042000180
00800723000175
00802002000102
00803811000120
00803844000251
00806100000100
00809489000147
00815991000160
00820854000114
00821296000101
00826707000151
00827454000130
00829703000127
00830967000109
00832602000105
00835924000108
00836942000104
00839419000131
00841350000180
00844138000177
00845101000163
00849774000191
00850290000162
00851016000108
00851895000178
00852136000120
00854416000177
00855128000137
00855265000171
00858248000198
00861331000116
00862223000168
00864212000117
00865897000116
00869442000179
00870064000143
00870180000162
00871996000100
00873894000124
00873928000180
00874929000140
00875459000139
00877824000144
00884554000107
00885618000267
00885618000348
00886833000100
00890183000168
00894553000135
00895371000189
00899223000132
00900849000111
00902380000150
00905558000116
00910767001049
00921570000114
00926281000108
00928526000136
00934542000131
00937440000170
00938214000103
00940811000172
00944944000117
00946282000114
00949640000142
00950863000120
00957707000190
00958125000129
00962296000121
00964835000161
00965788000170
00969291000120
00969841000101
00971575000151
00972919000147
00973118000104
00975900000154
00977787000146
00978237000141
00981367000133
00985700000182
00986297000106
00986846001203
00988887000178
00991591000106
00992999000100
00993107000188
00993573000163
00997458000167
00997476000149
00999705000164
01003869000152
01008538000105
01011976000475
01014140000181
01014589000140
01016204000183
01017250000105
01017610000160
01020691000310
01028682000103
01029642000186
01031298000160
01031983000196
01034997000163
01036100000130
01041641000157
01044210000144
01047682000150
01048146000170
01055647000183
01055651000141
01055874000109
01058206000135
01061762000160
01064300000105
01065014000156
01070614000102
01073299000177
01074283000189
01078031000128
01078426000120
01079582000106
01082125000170
01084892000119
01088055000168
01090872000150
01092686002366
01093786000100
01094239000130
01097428000167
01098929000168
01101142000108
01104312000108
01104642000101
01105042000150
01105710000149
01106544000103
01107391001263
01109547000192
01110976000180
01111976000102
01114245000102
01115194000133
01115514000155
01118722000108
01120434000198
01127106000113
01128259000185
01129913000175
01132614000190
01133441000124
01134191000147
01134894000175
01140868000150
01144081000166
01147654000105
01149302000199
01150021000156
01150822000111
01154345000162
01157868000162
01163384000126
01163981000150
01165671000175
01166078000143
01168241000107
01172959000177
01173739000168
01175068000174
01176195000198
01177281000115
01177978000196
01181242000272
01181242000353
01181242000787
01181521000155
01185136000186
01185541000102
01186098000186
01186209000154
01193256000125
01193658000120
01194213000164
01199860000169
01209567000135
01210925000120
01211015000161
01215216000137
01224255000109
01226482000165
01226698000120
01227689000154
01228094000113
01229958000111
01231592000115
01235077000103
01237970000178
01237977000190
01244119000172
01244675000149
01248111000184
01254573000104
01256456000180
01258027000141
01260691000125
01269718000140
01272081000141
01273711000100
01273946000194
01274719000183
01276119000154
01278335000139
01294872000172
01298069000106
01298337000190
01303710000153
01304128000101
01304136000158
01313540000198
01314460000157
01316414000197
01324865000176
01328535000159
01331507000190
01332277000184
01335050000192
01339291000100
01341204000159
01341214000194
01346134000121
01352748000116
01358345000184
01362266000147
01363386000169
01363700000103
01366593000177
01367170000171
01374280000160
01375626000145
01377293000193
01379014000120
01381956000143
01382022000126
01382443000157
01392957000193
01396138000114
01396849000199
01397976000102
01398491000133
01400312000155
01400557000182
01404158001838
01404787000110
01405153000181
01410568000305
01414265000107
01414675000140
01415053000136
01415789000104
01417222000177
01417694000120
01418445000159
01418632000132
01419325000176
01421359000286
01425676000190
01425676000351
01427687000109
01427781000168
01430564000127
01434344000171
01437707000122
01438784000105
01440615000100
01442427000102
01448425000120
01449930000190
01451987000123
01458040000144
01459001000161
01459496000129
01459947000128
01461135000206
01466431000100
01467443000150
01474155000122
01489370000105
01490353000180
01493842000195
01495516000117
01496099000127
01496099000208
01499364000120
01500457000128
01504670000108
01506444000166
01507215000166
01508422000135
01511503000194
01513315000103
01513946000114
01524903000487
01527405000145
01535369000161
01543032000104
01543096000105
01552573000190
01562451000185
01563124000148
01564090000106
01565725000190
01566632000180
01568077003655
01571702000198
01571702000864
01573246000115
01577840000184
01579286000174
01590728000930
01596837000108
01604746000177
01607033000167
01616929000102
01630045000102
01645409000390
01651647000146
01654749000115
01656038000422
01664506000168
01665052000140
01667733000147
01672499000146
01682745000140
01683907000165
01685127000154
01688047000152
01706665000188
01711083000190
01722296000117
01725804000110
01735549000197
01736316000109
01746482000277
01747189000143
01771408000120
01773430000109
01784187000124
01788237000141
01793315000104
01814959000123
01827801000198
01846687000143
01854654000145
01854994000176
01857076000109
01861858000103
01897898000105
01900227000156
01920554000170
01923189000157
01933030000113
01938953000168
01942594000112
01950156000104
01954548000133
01978980000164
01983692000106
02001435000186
02013358000184
02013755000156
02016440000162
02029388000189
02032297000100
02038946000172
02042314000182
02058312000181
02064150000194
02064150000518
02067084000106
02081803000143
02091041000166
02100910000171
02112890000159
02120261000170
02126430000180
02131315000101
02138075000169
02144031000141
02164293000178
02168943000153
02173150000122
02189204000148
02207661000118
02212112000131
02213325000501
02215258000130
02248312000144
02248642000130
02250086000136
02251332000255
02268603000102
02271201000230
02279922000105
02302100000106
02310921000186
02311117000111
02324209000136
02328280000197
02333160000188
02334933000140
02347010000123
02351006000309
02360051000150
02365912000192
02374461000150
02376490000150
02385669000174
02414314000166
02415173000104
02419903000137
02421421000111
02422156000196
02424344000153
02425943000191
02433757000102
02435614000121
02437839000117
02441945000174
02463742000189
02471657000162
02472743000190
02473201000131
02476811000199
02482141000113
02514617000150
02520829000140
02520829000302
02520829000493
02533237000163
02537048000169
02553567000110
02558157000162
02573131000193
02598300000140
02600770000109
02610348000126
02626169000187
02626340000158
02628117000140
02631136000125
02633377000103
02652157000127
02653714000124
02661790000181
02667694000140
02672248000124
02678428000113
02689820000168
02698336000103
02715875000103
02719039000199
02724228000150
02724267000157
02740940000142
02742931000190
02746438000149
02753916000148
02777319000153
02794555000420
02802001000185
02802719000171
02816696000154
02837835000126
02842912000136
02844351000104
02847681000153
02849522000198
02850182000115
02862770000179
02869624000175
02881620000102
02881877000164
02885024000109
02892559000107
02893066000183
02902491000191
02911193000168
02913444000143
02916265002456
02931589000177
02949582000182
02949670000184
02962291000124
02962499000143
02969174000192
02970405000340
02978291000112
02986683000123
03001277000127
03005175000180
03007832000128
03014374000154
03017043000178
03032175000179
03032888000132
03039768000167
03040646000190
03047652000250
03049623000147
03050725000182
03051279000120
03051567000185
03064330000139
03074196000157
03082710000104
03085403000179
03093776000191
03093776001163
03094645000129
03097354000194
03109322000161
03111336000110
03113186000183
03118191000189
03119806000191
03128888000130
03129105000133
03132338000195
03133846000198
03134944000140
03152116000134
03154319000160
03155958000140
03157268000200
03196505000161
03214714000190
03216079000180
03217016000149
03229363000191
03230915000181
03233240000124
03247249000194
03257777000124
03285661000107
03304610000177
03315120000176
03318817000109
03321381000107
03322073000198
03326125000102
03336030000161
03337199000136
03337426000123
03339543000126
03344001000141
03346822000117
03351481000178
03354151000136
03355893000186
03362962000189
03364242000152
03365134000102
03370573000103
03374263000582
03374263000663
03374872000108
03402979000112
03414693000157
03416580000190
03422707000184
03427992000126
03434444000123
03447446000157
03447697000131
03448836000141
03468193000106
03473227000142
03483400000193
03483912000150
03489027000188
03495291000124
03505185000346
03505263000140
03539468000147
03551798000158
03555637000132
03566241000190
03574842000145
03575238000133
03576719000163
03578597000144
03582594000265
03584058000118
03587981000103
03596923000146
03597359000186
03598920000141
03599197000115
03600664000180
03609235000173
03610023000106
03612312000144
03612312000497
03615350000150
03615817000162
03624856000126
03634617000157
03638457000114
03652030000170
03652030000332
03652030000685
03659259000137
03665540000182
03666084000195
03687304000167
03696188000142
03698620000568
03716644000179
03725261000167
03725725000135
03732392000171
03746938001549
03750786000152
03752816000160
03758809000175
03763736000100
03772302000176
03773788000167
03774688003413
03775069003362
03776284000524
03776284001253
03777341003939
03783488000169
03788306000142
03795071001600
03796344000147
03797663000177
03800477000140
03800495000121
03812429000171
03815913000154
03817043000152
03833213000192
03835661000125
03839524000169
03861181000139
03865570000132
03873203000180
03884308000135
03911841000149
03922625000107
03928511000409
03935826000130
03945035000191
03948933000101
03951140000133
03958284000111
03959318000192
03961467000196
03984954000174
03986092000119
03989007000176
03992117000197
03992516000158
03999762000131
04002498000182
04007895000490
04008278000166
04012595000156
04015019000162
04026090000140
04027894000750
04050750000803
04063331000121
04069392000104
04071245000160
04073117000156
04088208000165
04095159000198
04095869000118
04096738000155
04099395000182
04113609000128
04116210000109
04140921000100
04143179000197
04158618000135
04159536000105
04162170000123
04164343000142
04165108000195
04173855000175
04175202000125
04175788000128
04181641000140
04187384000154
04192876000138
04196645000100
04201209000174
04202019000171
04202712000144
04211095000143
04212487000127
04214231000159
04221722000127
04233577000102
04237666000119
04238282000110
04271340000108
04274988000138
04283686000126
04283722000151
04290654000158
04295709000112
04297041000142
04303600000180
04307650001298
04307650002693
04308836000109
04310364000129
04312923000130
04326123000178
04330164000138
04338231000160
04347564000156
04352905000181
04354236000187
04368898000106
04372020000144
04375188000103
04375328000143
04380569000180
04382747000102
04384239000163
04388540000498
04397280000174
04411359000102
04415316000286
04427309000113
04439265000141
04455745000104
04467025000150
04470877000105
04483258000147
04496615000101
04503854000141
04523923000189
04523992000192
04532557000124
04539985000189
04550922000123
04560269000183
04567265000127
04573724000185
04585892000190
04586694000141
04602194000156
04602789000101
04605710000104
04608703000158
04621697000179
04622272000184
04642367000160
04650746000100
04652883000175
04660721002041
04668730000116
04674092000146
04703374000124
04704226000124
04708626000108
04709243000154
04716397000173
04718702000166
04724729000161
04727713000102
04734969000147
04737413000104
04743532000170
04750207000134
04767168000188
04787941000178
04788913000175
04790276000171
04807924000406
04808302000141
04811167000193
04820331000129
04829930000103
04831284000119
04837386000141
04842199000156
04847678000165
04847959000118
04857442000100
04866848000159
04883125000168
04885251000151
04890362000156
04896095000124
04949868000193
04955085000112
04989104000121
05005873000100
05024183000107
05024274000134
05035581000110
05043720000158
05078047000191
05099585001215
05109361000194
05117310000104
05159591000168
05164087000156
05199870000155
05207424000145
05239149000141
05266734000130
05276405000170
05279933000183
05288067000197
05329222000176
05342216000159
05366444000169
05379350000124
05461935000199
05462772000169
05465327000152
05489581000352
05490249000146
05511061000137
05527794000160
05581678000129
05604230000183
05673118000102
05684135000137
05773229000182
05789763000187
05791263000180
05799092000135
05808979000142
05823205000190
05884660000104
05886826000113
05913466000100
05922811000163
05983848000100
05993599000125
06003515000121
06052321000116
06064175000149
06145928000140
06152973000122
06189855000199
06207441000145
06209277000105
06216080000101
06224121000284
06249388000145
06285370000280
06294126000100
06350303000110
06695782000107
06698091000590
06877494000173
06880842000161
06928571000177
06933224000132
06965077000182
06987828000161
07019592000132
07027839000162
07045598000184
07052779000138
07102698000103
07108511000170
07112529000146
07121465000140
07148290000164
07162830000164
07195230000100
07198760000102
07199745000170
07203394000124
07204591000168
07220453000172
07229772000149
07230563000115
07245458000150
07288761000130
07355112000104
07388269000136
07412297000141
07422196000151
07472387000128
07477454000105
07492799000120
07500643000143
07541230000107
07543159000100
07544753000107
07573497000186
07608975000146
07610601000165
07628070000138
07628428000122
07656068000172
07665456000110
07694879000168
07704429000109
07721006000105
07783659000100
07800844000166
07802688000172
07858206000104
07869224000183
07897039000100
07928501000181
07936090000176
07938690000173
07944100000115
07983601000100
08060754000149
08070275000103
08077211000134
08078066000106
08086405000104
08093504000105
08111952000194
08146857000126
08160290000142
08164099000179
08207090000106
08260611000180
08347602000121
08379450000149
08409569000117
08458633000150
08459946000122
08469841000154
08472572000185
08543707000156
08569104000123
08571437000197
08639849000111
08756015000196
08773990000102
08774241000108
08787861000173
08822824000159
08845041000190
08853953000104
08885380000109
08949789000133
08953025000111
09014837000164
09034672000192
09044910000140
09065576000101
09068583000167
09079157000129
09094300000151
09098254000169
09120626000106
09134068000138
09172439000176
09195180000189
09208545000162
09222496000112
09223659000181
09227702000187
09266128000176
09316105001877
09360241000116
09397355000130
09405431000102
09426307000123
09433694000125
09465558000117
09478989000118
09489713000135
09494322000109
09636384000299
09687470000140
10206689000169
10214767000177
10249046000100
10278338000163
10284509000167
10392048000146
10400122000129
10408272000189
10412300000131
10438064000122
10495635000160
10502423000163
10506134000132
10537152000181
10538476000134
10558895000138
10562066000129
10567214000106
10567460000150
10571418000102
10586940000320
10677659000130
10681272000158
10688308000125
10724069000111
10747957000150
10779833000156
10799705000174
10822670000309
10851944000126
10854145000103
10867306000101
10867871000160
10896633000183
10915057000174
10920413000148
10939406000198
10941897000101
10942831000136
11053611000114
11085188000134
11088993000111
11145401000156
11175931000147
11195057000100
11211479000121
11224603000193
11227424000100
11285516000146
11301724000191
11302494000185
11319557000378
11391488000141
11450799000134
11463608000179
11474559000170
11478867000173
11492141000608
11513981000197
11526637000132
11651182000187
11669001000140
11717635000120
11724909000109
11738859000119
11766695000133
11781576000150
11828418000108
11847417000100
11901975000107
11911911000197
11933905000130
11969481000164
12051059000198
12152564000129
12224761000106
12229196000170
12253900000120
12287739000105
12329660000108
12419620000149
12420164002109
12435960000163
12441483000149
12477490000281
12516438000106
12531865000163
12535370000102
12538737000141
12614761000112
12669940000157
12670936000109
12671814000137
12694747000176
12802872000152
12804156000295
12839168000174
12860699000149
12919669000160
12924624000184
12931140000162
13097538000108
13183749000163
13199990000180
13210928000142
13294769000101
13298306000118
13312594000118
13319291000127
13333277000188
13336262000173
13444848000151
13459330000191
13480404000171
13560217000106
13566889000110
13591585000103
13595605000114
13611772000101
13622914000136
13668531000107
13687471000161
13729898000185
13779852000170
13823725000121
13827783000557
13830976000133
13851726000180
13859951000162
13902279000140
13990290000100
13990535000107
14087594000124
14210968000157
14283859000160
14357440000105
14365637000196
14370098000183
14437513000179
14577754000113
14580442000169
14629705000187
14748940000178
14812289000158
14958619000118
14964486000192
15011572000143
15016894000185
15038394000144
15107704000135
15187976000192
15211729000184
15247296000117
15269164000277
15281764000170
15300246000156
15318347000154
15320722000109
15329152000100
15344304000143
15362598000136
15396333000159
15417725000157
15426116000164
15439366000139
15486421000141
15494666000110
15508686000101
15583853000170
15630921000105
15641222000160
15644251000186
15723058000130
16099194000164
16538909000138
16553940000148
16599463000151
16652113000101
16677622000199
16684968000114
16699864000183
16722128000107
16804425000193
16830240000153
16877327000186
16926583000116
17083629000145
17140866000109
17161241001278
17173562000130
17212069000181
17238455000142
17255137000190
17392397000107
17417928000179
17462286000120
17466387000179
17472278000164
17513233000271
17581504000145
17695703000184
17717342000120
17771867000143
17822035002152
17891064000122
17910204000162
18055919000148
18072764000158
18116490000151
18147283000164
18159970000108
18173919000142
18180341000151
18182325000106
18184506000163
18199475000114
18233020000178
18245956000119
18386628000132
18407447000145
18454022000197
18467445000141
18476349000160
18519219000167
18552033000100
18579356000430
18587765000135
18677456000156
18680332000120
18720938000141
18721713000100
18756687000155
18775301000152
18820783000115
18828722000102
18835198000199
18877243000178
18923365000153
18966739000207
18975589000109
19003488000139
19013627000105
19022767000140
19026964000137
19032430000113
19034916000190
19042686000101
19044309000101
19055982000147
19061289000187
19077842000170
19088605000104
19131137000103
19269250000150
19363983000159
19371347000179
19571361000116
19588322000121
19622023000166
19625833000176
19626196000152
19633424000111
19654337000140
19697684000150
19717643000189
19717870000104
19751174000114
19827002000187
19828872000170
19921612000145
19941698000178
20096941000188
20136019000410
20276207000109
20352904000193
20425281000131
20430668000186
20439186000197
20465202000116
20482920000109
20520316000111
20543409000161
20619220000105
20622347000183
20724469000180
20733350000174
20815626000163
20874758000166
20915722000183
20971821000182
21062777000150
21112395000194
21276541000117
21460343000109
21483615001834
21488092000170
21527009000125
21572082000119
21579468000152
21595464000168
21618261000140
21657225000195
21731071000134
21763372000140
21784572000189
21854689000191
21985233000160
21994472000187
22120304000125
22182795000139
22216067000109
22216688000184
22228679000103
22274123000153
22296587000160
22297288000140
22525517000137
22540034000101
22543055000180
22588386000137
22627453000185
22636233000118
22655038000135
22772488000108
22798043000105
22825872000121
22835076000170
22862531000126
22946788000166
23008729000100
23093584000192
23218154000150
23228076000174
23268243000100
23334784000190
23365148000125
23372597000109
23384022000106
23463259000174
23484444000145
23535805000135
23539214000136
23556435000112
23684531000146
23691899000131
23696715000126
23791746000166
23818812000144
23873344000100
23964820000107
24027372000170
24035925000136
24096709000109
24176812000150
24183988000130
24219106000149
24236717000103
24295837000173
24327745000128
24344713000130
24347182000130
24372130000113
24380578002041
24384947000101
24393127000186
24419445000179
24501218000198
24503515000172
24595488000105
24603061000101
24627924000180
24688722000149
24792503000105
24804561000101
24864422000173
24881254000124
24950318000100
25027024000165
25031668000127
25103905000118
25196886000111
25360755000128
25386019000149
26131316000106
26157393000135
26168820000180
26193419000109
26219080000164
26230868000171
26235504000184
26239451000170
26247140000152
26253805000130
26277170000101
26291343000146
26323440000173
26329228000113
26388489000104
26391097000102
26452796000107
26497800000153
26551165000145
26614320000125
26623360000133
26624355000145
26714417000100
26722490000123
26743744000190
26768764000115
26832588000133
26874180000124
26981470000177
27021157000150
27157653000135
27205945000104
27254414000101
27274178000187
27388469000104
27403752000150
27432030000123
27479035000101
27487184000112
27493779000180
27493891000111
27500765000147
27599963000100
27613072000160
27673878000144
27713219000194
27743102000153
27745509000110
27817504000155
28115940000145
28123417000160
28164843000142
28209943000148
28238391000104
28257751000107
28344495000195
28461828000166
28472036000278
28482916000144
28489248000187
28500297000173
28562491000183
28584157000392
28673951000140
28773491000122
28820255000110
28870643000105
28911309000152
28924922000104
29024588000103
29026828000109
29039646000164
29057136000110
29084108000191
29089898000106
29095199000160
29175860000148
29180955000230
29196670000107
29206230000193
29280308000110
29304186000154
29312896000126
29391887000178
29404097000180
29419258000109
29426577000141
29494115000161
29499341000135
29581897000176
29614830000190
29710441000169
29715704000122
29725837000180
29782922000180
29860353000143
29905551000186
29987662000189
30018410000120
30037770000170
30056510000141
30090643000134
30121180000120
30173129000162
30181251000180
30358870000106
30360120000160
30379525000140
30430226000274
30680484000128
30716508000151
30757668000149
30809465000159
30839331000180
30890110000137
30924946000105
31028653000102
31070939000156
31322276000110
31420049000127
31421302000248
31461634000175
31495962000273
31600348000143
31690787000194
31801716000111
31822054000166
31868626000148
31882944000163
31890783000150
31895182000130
31933938000198
32009930000100
32091094000148
32163965000191
32202436000150
32247281000178
32276009000116
32320577000177
32321488000145
32353158000131
32399280000149
32420253000100
32584284000105
32690699000155
32701710000135
32707444000158
32910775000190
33219101000107
33219836000130
33220938000176
33256506000115
33263474000185
33264279000170
33388796000150
33393503000123
33467392000152
33488660000112
33490946000132
33513251000129
33519791000110
33551382000109
33584064000136
33641663000144
33693563000161
33744508000153
33744773000131
33754164000163
33822341000100
33842718000184
33884155000197
33921210000171
34028316000103
34028316001690
34028316002661
34056087000130
34060409000115
34064557000108
34094119000192
34180582000157
34274233000102
34332477000196
34346501000146
34365745000176
34490324000177
34733562000166
34752157000195
34794255000195
34844383000104
34848473000165
35040643000143
35096263000120
35136493000176
35142257000162
35161551000111
35263905000139
35265064000107
35281169000141
35313103000196
35335154000119
35442895000107
35516399000142
35569716000199
35654766000174
35689607000105
35765072000104
35785784000195
35812334000144
35820448021303
35852477000180
36015684000142
36032533000100
36037866000114
36042258000106
36216839000109
36222989000125
36310930000199
36338049000104
36370575000143
36399751000170
36445109000180
36473417000119
36501204000153
36519741000120
36532868000180
36577834000101
36642772000174
36765011000100
36857676000143
36956834000112
36958637000132
36969405000180
37002099000170
37039547000100
37054879000164
37073831000101
37104931000140
37124073000103
37127712000186
37168022000175
37256314000160
37305993000110
37364053000100
37406687000170
37417568000112
37478920000120
37481139000104
37565164000176
37615788000150
37623347000109
37712407000151
37727928000182
37918420000161
37952094000109
37984028000110
38049546000100
38235887000170
38240274000120
38311637000171
38540669000149
38635277000163
38653855000194
39308431000155
39534812000152
39610184000147
39655478000195
39688010000105
39725594000214
39833053000129
39895975000160
39921501000146
40002523000191
40006641000178
40282584000150
40341986000188
40343780000197
40348214000178
40362409000172
40391449000142
40567016000103
40575423000154
40671657000103
40738368000176
40744626000127
40783051000151
40787152000109
40881295000177
41015088000100
41058406000102
41083335000106
41126515000110
41209496000195
41261693000153
41367078000126
41393684000116
41467750000155
41479647000125
41482138000151
41483608000100
41484059000260
41684577000147
41769269000114
41932289000164
42152392000154
42164792000180
42323994000127
42365268000177
42438822000107
42489485000179
42490559000197
42521088000137
42526603000171
42531033000108
42563454000110
42704076000148
42706308000105
42707227000111
42786044000139
42846652000191
42851740000181
43025186000146
43108731000168
43112401000146
43371025000104
43493499000129
43573889000109
43588755000161
43610928000109
43735903000123
43887548000108
43933220000180
43942358000146
44075687000108
44082524000144
44101184000151
44101311000112
44179418000183
44324175000120
44329924000101
44346537000183
44389891000195
44478911000102
44509894000115
44567422000119
44597052000162
44619485000171
44624578000194
44714654000152
44719432000122
44722571000105
44734671002286
44744643000115
44867835000119
44880091000172
44982273000154
45008970000171
45014767000108
45157429000125
45230660000105
45339142000116
45385025000199
45401743000101
45459863000160
45591730000142
45607332000177
45668437000136
45704834000116
45718265000168
45746514000129
45793198000146
45793573000158
45795016000176
45844900000153
45890440000108
45908107000170
45938701000104
46010439000104
46055552000106
46100059000152
46293794000120
46305226000100
46687136000112
46785662000115
46814903000107
46869912000103
47008789000190
47030708000159
47038747000100
47078704000140
47097291000141
47186967000173
47193115000103
47201687000197
47218335000144
47257471000143
47282641000140
47292400000181
47305688000181
47312805000134
47484691000100
47491167000166
47531706000143
47648890000106
47690102000140
47725716000110
47802683000164
47854984000131
47864410000144
48058173000197
48340735000190
48428150000127
48431529000196
48460426000154
48488278000186
48581778000168
48594681000190
48640264000136
48715394000190
48723627000105
48764409000100
48822668000140
48853304000128
48928977000108
48991088000187
49044435000127
49107082000167
49149027000130
49221055000110
49228695000152
49230882000170
49253021000108
49259752000160
49267475000138
49351786001152
49357884000125
49420371000111
49422071000171
49490183000160
49592040000169
49606655000105
49613569000111
49643480000106
49695571000187
49709450000147
49742266000107
49743094000188
49876138000148
49883613000103
49938521000183
50008326000133
50099110000120
50175446000125
50195570000152
50247071000404
50344473000184
50366389000161
50374729000104
50391763000189
50410432000149
50424661000112
50433482000141
50445599000145
50531688000104
50546419000111
50558572000169
50591089000186
50623055000126
50651003000163
50679969000109
50700416000190
50715043000121
50750136000197
50773879000182
50832957000172
51053659000147
51055073000111
51116702000176
51163953000101
51235817000180
51257431000179
51275639000110
51341381000103
51365151000184
51412009000140
51424864000171
51445959000171
51482170000190
51550475000192
51597697000160
51670778000149
51696319000134
51710261000136
51740794000160
51760938000140
51769055000100
51890778000154
51920700000135
52023056000165
52134653000167
52160765000192
52179970000108
52191627000170
52208900000122
52224601000181
52277146000182
52281767000130
52284347000107
52366733000148
52439352000141
52496119000109
52574422000174
52627093000182
52690360000166
52890701000147
52894977000101
52967925000100
52978387000159
53033686000183
53047910000196
53060310000168
53063147000197
53131516000131
53199164000156
53249086000157
53305940000155
53312616000164
53402589000110
53437315000167
53464172000182
53477583000102
53497070000163
53513536000177
53557733000198
53558020000149
53569592000123
53594777000198
53600991000100
53616586000180
53624602000186
53702276000188
53725812000160
53726295000144
53795645000124
54084848000175
54132859000183
54141069000164
54361487000167
54421738000151
54430705000178
54431559000103
54432658000100
54494740000150
54595919000102
54630293000110
54633480000157
54639636000107
54647123000148
54766962000185
54801196000142
54897607000145
54903303000143
55020757000139
55048684000193
55049717000110
55072564000121
55165729000100
55439117000168
55593835000194
55656578000192
55661430000146
55664989000120
55675690000170
55764652000194
55779207000106
55797663000170
55813393000144
55880193000104
55930096000189
55994378000140
56160270000114
56176869000146
56360173000175
56422713000106
56642960012205
56700670000175
56933493000177
56933664000168
56963895000114
57111902000112
57185450000113
57353142000150
57355410000172
57393564000159
57394307000131
57423507000175
57494031000163
57623761000117
57685025000193
57706389000102
57713703000184
57736071000174
57748197000169
57823153000156
57921618000101
57952509000151
57972881000120
58055343000133
58181354000160
58210370000133
58283794000128
58426628000133
58430828000160
58495442000136
58542824000173
58545712000176
58702807000156
58884218000136
58913903000143
58939549000126
59059559000130
59066486000103
59095876000101
59169617000188
59240927000141
59248333000187
59258727000116
59358842000162
59397965000102
59447837000126
59485521000129
59632632000110
59637555000191
59638388000101
59713882000185
59714523000142
59777811000146
59866703000140
59882948000160
59913883000173
60122306000142
60210106000141
60242351000130
60243657000101
60261511000199
60284346000190
60360140000100
60363177000184
60480195000146
60538201000179
60569899000190
60665981000975
60705516000163
60746948000112
60775572000174
60787824000185
60827030000106
60872306000160
60950324000112
60978393000134
61005472000121
61017986000105
61031188000120
61074175000138
61358053000173
61379580000164
61418042000131
61424788000158
61437662000118
61508985000155
61608477000149
61624644000145
61647343000137
61757086000196
62070115000100
62077080000130
62244729000160
62247639000123
62284671000189
62309895000106
62408427000180
62503157000197
62538427000103
62627745000132
62644139000125
62917826000177
62926518000108
63051239000100
63055892000148
63092123000110
63094175000125
63102067000157
63105296000125
63129821000142
63139624000104
63248533000107
63329020000120
63349858000186
63477188000183
63482340000116
63592256000155
63663388000120
63720770000129
63802818000148
64240328000168
64266543000138
64268291000186
64321567000142
64365889000193
64444874000110
64587536000138
64720507000100
64815897000194
64884095000136
64972948000191
65066315000187
65104865000143
65149197000251
65215204000195
65295172000185
65444294000196
65506609000182
65526335000193
65591466000154
65633414000101
65655199000131
65755212000124
65785194000123
65900716000190
65912505000178
66029133000107
66155937000144
66157719000149
66200025000147
66259767000148
66488719000121
66846249000120
66957474000134
67022635000160
67177041000129
67325761000941
67505027000107
67530572000153
67630541000174
67729178000491
67729178000572
68337658000127
69386324000106
71107320000193
72150550000106
72472590000166
73694788000157
73856593000166
75642256000100
76354281000142
76386283000113
76527951000851
76966860000146
77156537000170
77800407000128
77970945000160
78509064000100
78556156000221
78631140000155
78858107001487
79227963000182
79846465000118
80293004000144
81632093000764
81648115000784
82225947000165
82286501000140
82526401000144
82607623000191
82662958000102
82762154000185
83646307000191
87573952001235
88100557000145
88821293000119
89278519000140
89713903000123
90059114000108
91158253000143
91967067000155
92232388000174
92662618000135
92853498000153
93336030000154
93577427000138
93813426000145
93920361000137
94521341000156
94560406000172
95257945000108
96317508000197
96446687000162
