00000000000191
00000000037788
00000000699306
00013225000182
00029372000221
00029372000736
00064332000130
00072182000106
00085822000112
00096572000116
00131299000113
00133240000164
00139736000145
00149209000111
00165960000101
00172255000131
00197503000107
00267908000166
00288790000152
00300400000112
00309173000196
00309893000151
00327149000341
00328717000167
00329696000102
00331788001271
00360305000104
00384799000167
00393793000156
00394772000155
00398099000121
00411441000186
00430571000166
00432870000130
00446616000190
00455771000173
00456470000164
00456865000167
00472805000308
00490967000107
00528262000123
00535560000140
00541146000144
00565011000119
00567892000107
00580846000148
00585424000165
00610681000100
00625186000174
00636230000141
00641620000100
00656809000176
00660664000187
00662315000102
00665448000124
00674506000186
00676629000156
00688075000450
00688461000107
00714836000158
00720129000174
00730326000174
00757668000188
00771945000107
00781077000146
00787540000167
00802002000102
00803844000251
00809489000147
00830967000109
00836942000104
00855265000171
00874929000140
00885618000267
00885618000348
00886833000100
00895371000189
00905558000116
00910767001049
00928526000136
00938214000103
00949640000142
00964835000161
00972919000147
00978237000141
00986846001203
00993107000188
00997476000149
01034997000163
01044210000144
01055647000183
01061762000160
01065014000156
01070614000102
01088055000168
01097428000167
01098929000168
01107391001263
01128259000185
01140868000150
01144081000166
01163981000150
01172959000177
01176195000198
01177978000196
01181521000155
01215216000137
01226698000120
01244675000149
01258027000141
01304128000101
01304136000158
01339291000100
01358345000184
01362266000147
01366593000177
01375626000145
01392957000193
01396849000199
01397976000102
01400312000155
01404158001838
01414675000140
01417694000120
01418632000132
01425676000351
01427781000168
01437707000122
01461135000206
01489370000105
01504670000108
01543032000104
01568077003655
01571702000198
01571702000864
01577840000184
01590728000930
01596837000108
01604746000177
01607033000167
01616929000102
01630045000102
01645409000390
01651647000146
01654749000115
01656038000422
01664506000168
01667733000147
01682745000140
01683907000165
01685127000154
01688047000152
01706665000188
01722296000117
01735549000197
01736316000109
01746482000277
01771408000120
01773430000109
01788237000141
01793315000104
01827801000198
01854654000145
01861858000103
01897898000105
01900227000156
01920554000170
01923189000157
01933030000113
01938953000168
01942594000112
01954548000133
01978980000164
01983692000106
02001435000186
02013755000156
02029388000189
02032297000100
02038946000172
02058312000181
02064150000194
02064150000518
02081803000143
02100910000171
02112890000159
02131315000101
02138075000169
02164293000178
02168943000153
02173150000122
02189204000148
02207661000118
02212112000131
02213325000501
02215258000130
02248312000144
02250086000136
02251332000255
02268603000102
02271201000230
02279922000105
02302100000106
02310921000186
02311117000111
02324209000136
02333160000188
02347010000123
02360051000150
02365912000192
02374461000150
02376490000150
02385669000174
02415173000104
02421421000111
02422156000196
02424344000153
02425943000191
02433757000102
02435614000121
02437839000117
02441945000174
02463742000189
02471657000162
02472743000190
02473201000131
02482141000113
02514617000150
02520829000140
02520829000302
02520829000493
02533237000163
02537048000169
02553567000110
02558157000162
02573131000193
02598300000140
02600770000109
02610348000126
02626169000187
02626340000158
02628117000140
02631136000125
02652157000127
02661790000181
02672248000124
02678428000113
02689820000168
02698336000103
02715875000103
02719039000199
02724267000157
02753916000148
02777319000153
02794555000420
02802001000185
02816696000154
02837835000126
02842912000136
02844351000104
02847681000153
02862770000179
02869624000175
02881620000102
02881877000164
02885024000109
02893066000183
02911193000168
02913444000143
02916265002456
02931589000177
02949582000182
02962499000143
02969174000192
02970405000340
03007832000128
03014374000154
03032175000179
03032888000132
03039768000167
03047652000250
03050725000182
03051279000120
03051567000185
03074196000157
03082710000104
03085403000179
03093776000191
03093776001163
03097354000194
03111336000110
03119806000191
03129105000133
03132338000195
03133846000198
03134944000140
03155958000140
03157268000200
03196505000161
03214714000190
03216079000180
03229363000191
03230915000181
03233240000124
03257777000124
03304610000177
03318817000109
03321381000107
03322073000198
03326125000102
03337426000123
03339543000126
03346822000117
03351481000178
03354151000136
03355893000186
03362962000189
03365134000102
03370573000103
03374263000582
03374263000663
03374872000108
03402979000112
03414693000157
03422707000184
03427992000126
03434444000123
03447446000157
03447697000131
03448836000141
03473227000142
03483400000193
03483912000150
03489027000188
03505185000346
03505263000140
03539468000147
03555637000132
03575238000133
03576719000163
03582594000265
03584058000118
03587981000103
03596923000146
03597359000186
03598920000141
03600664000180
03609235000173
03610023000106
03612312000144
03612312000497
03615817000162
03624856000126
03634617000157
03652030000170
03652030000332
03652030000685
03659259000137
03665540000182
03666084000195
03687304000167
03696188000142
03716644000179
03725261000167
03725725000135
03746938001549
03750786000152
03758809000175
03763736000100
03773788000167
03776284000524
03783488000169
03788306000142
03795071001600
03797663000177
03800477000140
03800495000121
03812429000171
03817043000152
03833213000192
03835661000125
03839524000169
03861181000139
03865570000132
03884308000135
03911841000149
03922625000107
03928511000409
03935826000130
03945035000191
03948933000101
03951140000133
03958284000111
03959318000192
03961467000196
03984954000174
03989007000176
03992117000197
03992516000158
03999762000131
04002498000182
04007895000490
04012595000156
04050750000803
04063331000121
04069392000104
04071245000160
04073117000156
04095159000198
04095869000118
04096738000155
04099395000182
04113609000128
04116210000109
04140921000100
04143179000197
04158618000135
04159536000105
04162170000123
04165108000195
04173855000175
04175202000125
04187384000154
04192876000138
04196645000100
04201209000174
04202019000171
04202712000144
04212487000127
04214231000159
04221722000127
04237666000119
04238282000110
04271340000108
04274988000138
04283686000126
04283722000151
04290654000158
04295709000112
04303600000180
04307650001298
04307650002693
04308836000109
04310364000129
04326123000178
04338231000160
04347564000156
04352905000181
04354236000187
04368898000106
04372020000144
04380569000180
04382747000102
04384239000163
04388540000498
04411359000102
04415316000286
04427309000113
04439265000141
04455745000104
04467025000150
04470877000105
04496615000101
04503854000141
04523992000192
04532557000124
04539985000189
04550922000123
04560269000183
04573724000185
04585892000190
04586694000141
04602789000101
04605710000104
04608703000158
04621697000179
04642367000160
04650746000100
04652883000175
04660721002041
04668730000116
04674092000146
04703374000124
04704226000124
04708626000108
04709243000154
04716397000173
04718702000166
04724729000161
04727713000102
04734969000147
04737413000104
04743532000170
04750207000134
04767168000188
04787941000178
04788913000175
04790276000171
04808302000141
04811167000193
04820331000129
04829930000103
04831284000119
04837386000141
04842199000156
04847678000165
04847959000118
04857442000100
04866848000159
04883125000168
04885251000151
04890362000156
04906156000197
04917390000462
04917390000624
04926493000146
04927672000106
04937243000969
04949868000193
04956527000145
04962301000157
04962946000190
04971211000122
04982434000195
04989104000121
05004595000177
05005873000100
05006895000195
05010382000158
05024274000134
05025265000168
05027616000170
05030656000170
05035532002717
05047086000121
05047599000132
05055328000129
05062455000155
05063653001024
05077346000101
05088013000188
05094477000105
05099585001215
05110947000179
05117514000145
05136679000164
05138050000153
05145125000123
05146814000152
05147960000100
05155425000193
05157804000112
05159591000168
05194502000114
05199870000155
05207424000145
05216772000189
05234897000131
05239149000141
05241325000180
05266734000130
05269032000100
05276405000170
05277208000176
05291541000130
05306211000170
05306560000192
05325092000101
05329135000119
05329222000176
05330436000162
05338129000128
05340639000130
05341498000170
05342216000159
05343029000190
05345450000130
05349464000121
05366444000169
05368922000170
05375586000192
05379350000124
05381563000190
05394629000187
05414241000109
05416754000140
05436354000105
05437537000994
05439635000103
05439635000456
05453339000167
05461935000199
05461958000101
05462772000169
05465327000152
05466712000114
05489581000352
05490249000146
05491503000120
05495873000136
05503624000811
05511061000137
05513277000131
05518971000141
05531725000120
05533015000139
05533645000103
05538322000102
05565018000154
05566689000130
05569714000139
05586495000104
05602456000145
05604230000183
05610038000108
05630131000176
05642510000186
05652247000106
05673118000102
05677984000163
05684135000137
05700700000102
05743288000108
05746851000100
05753148000110
05758684000109
05773229000182
05782733000149
05782733000220
05782733000300
05785268000108
05789763000187
05791263000180
05799092000135
05808979000142
05813847000109
05818520000120
05823205000190
05830001000187
05841753000143
05847630000110
05854663000197
05884660000104
05886826000113
05909473000120
05912018000183
05914425000120
05922811000163
05922826000121
05931384000180
05931635000126
05934170000167
05939543000192
05961213000101
05971158000122
05983848000100
05983995000171
06003515000121
06007487000110
06012731000133
06016443000157
06019110000181
06020318000544
06037875000144
06050724000126
06052321000116
06061572000167
06064175000149
06074830000140
06083020000150
06088847000156
06091331000160
06099646000154
06103305000105
06103430000115
06106005000180
06126279000130
06142246000184
06152973000122
06153182000117
06175908000112
06178121000104
06182957000182
06189855000199
06189978000120
06196809000117
06207441000145
06209277000105
06216080000101
06224118000180
06224121000284
06224121000870
06224600000110
06238495000178
06269699000176
06285370000280
06285410000102
06289914000109
06290637000146
06294126000100
06294648000102
06350303000110
06555143000146
06628333000146
06697330000164
06698091000590
06759858000110
06770566000189
06830363000130
06864616000197
06877494000173
06880842000161
06880912000181
06892830000157
06923493000118
06928571000177
06928956000134
06942919000180
06959388000139
06961353000134
06965077000182
06968107000104
06974438000157
06981180000116
07015016006824
07019592000132
07044176000194
07048323000102
07052779000138
07058158000161
07059693000137
07071740000168
07093148000167
07102698000103
07108511000170
07112529000146
07112855000153
07117652000150
07118264000193
07121465000140
07131887000104
07137575000108
07150819000184
07154484000172
07155885000228
07162188000113
07162830000164
07164711000140
07176998000129
07181682000125
07185104000167
07192414000109
07194997000107
07195230000100
07199745000170
07203394000124
07220279000168
07229772000149
07230563000115
07232266000109
07235602000177
07245060000113
07245458000150
07260827000183
07265785000173
07266248000148
07282696000135
07282707000187
07285148000169
07288761000130
07292474000101
07300794000158
07315550000149
07321160000181
07324281000187
07324523000132
07346326000386
07346524000188
07346530000135
07354555000180
07355112000104
07367271000129
07387118000163
07388269000136
07388607000130
07388794000151
07412297000141
07422196000151
07432517000107
07447394000170
07460912000276
07472387000128
07477454000105
07483598000166
07485120000175
07486627000143
07487504000127
07491532000118
07492799000120
07499033000177
07499258000123
07500643000143
07501328000130
07511835000155
07524215000150
07530947000153
07541230000107
07543159000100
07559622000101
07573497000186
07587275000112
07589277000140
07597622000198
07608975000146
07610601000165
07628070000138
07628428000122
07650136000196
07654231000168
07654936000185
07665456000110
07671166000855
07687694000126
07692490000183
07693988000160
07694286000100
07694879000168
07699852000168
07710247000140
07711109000186
07712399000182
07723096000165
07724523000120
07728465000102
07730553000149
07731299000101
07736668000140
07752236000123
07781779000179
07783659000100
07797967000195
07800844000166
07802688000172
07805649000129
07814038000147
07825943000100
07827565000196
07831740000119
07832010000132
07832586000108
07835442000105
07835506000160
07856934000179
07858206000104
07887288000107
07897039000100
07914613000183
07923487000123
07924249000132
07936090000176
07938690000173
07944100000115
07947903000123
07951203000102
07953689000118
07955406000177
07964822000131
07973244000108
07975597000139
07978004000198
07983601000100
08014523000107
08036852000140
08041706000294
08060754000149
08070275000103
08077211000134
08078066000106
08086405000104
08087654000106
08093976000168
08103754000189
08103899000180
08106716000180
08111952000194
08143288000246
08151790000118
08158687000108
08160290000142
08181287000105
08198623000203
08199904000108
08221047000197
08227743000100
08236100000123
08243583000193
08245855000194
08247960000162
08250183000105
08254361000176
08259524000103
08261628000152
08289543000182
08295245000103
08319351000171
08334385000135
08342854000168
08347602000121
08365156000188
08366667000114
08379450000149
08381236000127
08388921000185
08393913000127
08407795000169
08409569000117
08412130000143
08415520000177
08430455000159
08440584000128
08458633000150
08459946000122
08463170000386
08467485000130
08470824000137
08472572000185
08479677000166
08482632000140
08520370000161
08528442000117
08543707000156
08560898000164
08563989000153
08569104000123
08571437000197
08580826000189
08584386000138
08628662000112
08639849000111
08643537000181
08648622000132
08655731000187
08658622000113
08658992000150
08661713000108
08664980000139
08666193000126
08674752000140
08684071000162
08687366000192
08688016000140
08692456000171
08694799000175
08697852000191
08706548000325
08731500000105
08732819000155
08756015000196
08773990000102
08774241000108
08778201000126
08786974000154
08787861000173
08805802000180
08811523000120
08813556000109
08822824000159
08828701000125
08831603000147
08845041000190
08873392000105
08885380000109
08908778000105
08918421000108
08928058002660
08940091000157
08953025000111
08958628000378
08977831000120
08979527000545
09014837000164
09019664000177
09025282000156
09026273000180
09028943000105
09029238000114
09031663000148
09034191000187
09034672000192
09035549000196
09042893000102
09044910000140
09051083000112
09068583000167
09079157000129
09087468000130
09088724000103
09094300000151
09098254000169
09112236000194
09114840000150
09120626000106
09134068000138
09135378000177
09140225000118
09151047000120
09165969000197
09168704000142
09196745000142
09198704000195
09204816000101
09208545000162
09211871000129
09214319000194
09215207000158
09222369000113
09222496000112
09231544001100
09244998000144
09248281000170
09251627000190
09258263000170
09266128000176
09276294000153
09291557000101
09316105000129
09316105001877
09319988000120
09366790000106
09368158000193
09370035000197
09381640000163
09383745000151
09392341000124
09395465000163
09397355000130
09401031000129
09405431000102
09426307000123
09433694000125
09440031000138
09443774000161
09465558000117
09471676000138
09478023000180
09478989000118
09479282000126
09479315000138
09480975000139
09482335000168
09483617000180
09489713000135
09494322000109
09505958000290
09508519000150
09535897000122
09537584000103
09555339000129
09582478000141
09596757000164
09614581000126
09624705000154
09625361000440
09629838000113
09632033000129
09635631000151
09636384000299
09642392000167
09644894000127
09663315000193
09663426000108
09685667000140
09687470000140
09944371000104
09944371000368
10141389000149
10143338000156
10158356000101
10173858000101
10176887000127
10189676000129
10194062000135
10201909000161
10206689000169
10214767000177
10266136000100
10271551000143
10284509000167
10291053000162
10310290000123
10321422000112
10324034000195
10337743000105
10345571000111
10346816000125
10357107000145
10372062000188
10376365000179
10377275000100
10382841000164
10394170000151
10396394000100
10396676000108
10400122000129
10402061000139
10408272000189
10413042000108
10438064000122
10446719000104
10463704000154
10471329000194
10482039000146
10485989000124
10495635000160
10496308000123
10498974000281
10500526000194
10502423000163
10507535000107
10528383000129
10538476000134
10543420000178
10547330000155
10548494000105
10562066000129
10567214000106
10567460000150
10568281000137
10568414000175
10571418000102
10583148000150
10586940000168
10586940000320
10590774000173
10592763000122
10624384000177
10628513000103
10631960000103
10648515000156
10655510000150
10657159000137
10668538000122
10677659000130
10681272000158
10681994000102
10688308000125
10689318000185
10691950000163
10696932000174
10703911000139
10709819000186
10719048000108
10724069000111
10724350000154
10737199000199
10739919000155
10741843000100
10743450000128
10763138000104
10773501000164
10776858000104
10779833000156
10799705000174
10803557000114
10805235000104
10807173000170
10818693000269
10820186000189
10822670000309
10823621000129
10824547000165
10825457000199
10826230000168
10837187000136
10847003000119
10847721000195
10849174000187
10851944000126
10854145000103
10867306000101
10867871000160
10896566000105
10896633000183
10899548000179
10907550000142
10920413000148
10922543000110
10939406000198
10941897000101
10943564000111
10944348000190
10966055000104
10980376000163
10985691000183
11001445000102
11002975000175
11015846000111
11024200000109
11036346000166
11043798000175
11049457000107
11053611000114
11063183000100
11069316000156
11069669000156
11088993000111
11090265000144
11118645000140
11145401000156
11148801000115
11149215000195
11152989000175
11161826000159
11167652000131
11175931000147
11179264000766
11195057000100
11195926000104
11204751000146
11206099000441
11210528000101
11211479000121
11224603000193
11227424000100
11234029000154
11245557000109
11249080000130
11249538000231
11255187000190
11260925000350
11262969000157
11274157000121
11301724000191
11302494000185
11304590000162
11318264000104
11319557000378
11327659000173
11329990000122
11341042000102
11367967000122
11391488000141
11427407000116
11431205000148
11432487000106
11438855000115
11442796000159
11445615000148
11450799000134
11462456000270
11463608000179
11466953000166
11470807000104
11474559000170
11478139000161
11478867000173
11504158000115
11513981000197
11517150000193
11526637000132
11532075000130
11534035000127
11564551000102
11573312000100
11573767000126
11583373000159
11604458000176
11613827000197
11628568000178
11663568000109
11666105000362
11666928000479
11668708000131
11669001000140
11677901000139
11679076000101
11693169000190
11706770000170
11724909000109
11737090000114
11755976000190
11761562000174
11766695000133
11781576000150
11785728000192
11806555000141
11826347000104
11830224000147
11847417000100
11862371000107
11897718000149
11901975000107
11911911000197
11911911000278
11933905000130
11964909000186
11969481000164
11977190000118
12014370000167
12051059000198
12091562000177
12095355000190
12100209000106
12100779000104
12110767000152
12121288000131
12147883000146
12152564000129
12156760000171
12211067000154
12215178000139
12224761000106
12229196000170
12246862000188
12253230000141
12283462000142
12287739000105
12301773000197
12329660000108
12341246000106
12341246000297
12342286000172
12353059000142
12358170000121
12361080000190
12368978000190
12377868000780
12380682000275
12398167000131
12418191000195
12419620000149
12420164000580
12420164002109
12433700000159
12435960000163
12441483000149
12474785000113
12477490000281
12499494000260
12505371000104
12514719000120
12516438000106
12531865000163
12538737000141
12553018000108
12560890000175
12590543000195
12611223000174
12614761000112
12669940000157
12670936000109
12671814000137
12674048000164
12694195000104
12694747000176
12705006000143
12723075000180
12729403000155
12730701000165
12797447000112
12802872000152
12811487000171
12820547000112
12839168000174
12843977000150
12857463000153
12860699000149
12865486000100
12880553000165
12889035000102
12889035000293
12904870000174
12919669000160
12923703000170
12924624000184
12927876000167
12967916000102
12974145000172
13009421000125
13021017000177
13025973000127
13053838000195
13054454000197
13063746000277
13091140000164
13094898000156
13096656000100
13097538000108
13099169000192
13158576000123
13164027000161
13175742000108
13183749000163
13193709000100
13199990000180
13210928000142
13218025000108
13218878000140
13294769000101
13312594000118
13319291000127
13331317000152
13332525000176
13333277000188
13334553000122
13336262000173
13337974000107
13338681000144
13344238000186
13348127000148
13359577000136
13387735000161
13393283000120
13395341000155
13444848000151
13459330000191
13460002000105
13460179000101
13479881000117
13480404000171
13483647000163
13485130000103
13533610000100
13551767000150
13553267000158
13557058000182
13557613000176
13559782000145
13560217000106
13566889000110
13595605000114
13597589000107
13611772000101
13663781000146
13664141000150
13668531000107
13674500000150
13687471000161
13700800000167
13707331000108
13716016000147
13720213000130
13729898000185
13779852000170
13780677000131
13796308000137
13823725000121
13827035000140
13827783000557
13830976000133
13840478000171
13856599000101
13880850000173
13886430000102
13891611000119
13895847000123
13902279000140
13915754000113
13961265000106
13965228000168
13972172000179
13990290000100
13990535000107
14012375000186
14056460000146
14087594000124
14096997000130
14108136000124
14116604000102
14127681000168
14145416000102
14161464000194
14168104000114
14186328000159
14190481000150
14191074000167
14203316000195
14206183000100
14207010000107
14209485000132
14210968000157
14224864000100
14234208000180
14255257000107
14271474000182
14296822000176
14301138000135
14344746000127
14357440000105
14365637000196
14365828000158
14370098000183
14373333000170
14379830000186
14381980000124
14419802000145
14429067000150
14436014000167
14437513000179
14456698000169
14495607000102
14499338000144
14504696000106
14516591000169
14562821000126
14563395000145
14564689000191
14564846000169
14577754000113
14580442000169
14590682000144
14594498000172
14629705000187
14642423000110
14705667000102
14722071000102
14738613000135
14743814000120
14745769000143
14745779000189
14759014000106
14792179000171
14804690000146
14805664000132
14812289000158
14883212000179
14888158000154
14923178000119
14926785000132
14959247000144
14964486000192
14966026000101
15006855000105
15011059000152
15011572000143
15016894000185
15038394000144
15071135000115
15078596000110
15082396000130
15086806000111
15099833000129
15107704000135
15119666000130
15135210000164
15152203000170
15169546000148
15187976000192
15194975000175
15208874000106
15211729000184
15218561000139
15259053000107
15269164000277
15269164000358
15281764000170
15285249000168
15294855000140
15300246000156
15312299000197
15318347000154
15320722000109
15328247000109
15329152000100
15331243000180
15332845000151
15336818000157
15338596000101
15344304000143
15348017000101
15361503000160
15362598000136
15368126000190
15380133000108
15396333000159
15407834000193
15409423000137
15417725000157
15426116000164
15439366000139
15441682000145
15447186000107
15486421000141
15488199000116
15494666000110
15496374000117
15508686000101
15510770000151
15525612000175
15540023000166
15545753000150
15564403000130
15571482000107
15576644000108
15583853000170
15589293000161
15605031000143
15617253000186
15622928000185
15641222000160
15653057000167
15662130000167
15674262000109
15685046000169
15707603000103
15723058000130
15724019000158
15759603000149
15797709000137
15805124000111
15838111000149
15987234000141
15987562000148
16101712000137
16102054000106
16308132000115
16366888000110
16457791000113
16458987000122
16503522000146
16538909000138
16553940000148
16554145000174
16557958000118
16561461000173
16604411000126
16636540000104
16643703000178
16643797000185
16647278000195
16652113000101
16677622000199
16684968000114
16698619000151
16699864000183
16701716000156
16722128000107
16740518000444
16779255000304
16788577000140
16793035000165
16804425000193
16826758000113
16830240000153
16847666000110
16868674000142
16873353000136
16921776000184
16926583000116
16965290000148
16967118000123
16970590000115
16979364000103
16984646000190
17055604000138
17076626000184
17092175000179
17105393000109
17125099000150
17140866000109
17144174000120
17160849000206
17160849000478
17161241001278
17173562000130
17174657000844
17177467000104
17184520000102
17211630000108
17212069000181
17227485000153
17238455000142
17253781000129
17255137000190
17278190000106
17325390000172
17340958000124
17357005000179
17372674000110
17385389000133
17392397000107
17405757000168
17410059000150
17417928000179
17425148000170
17427729000141
17431955000104
17435476000158
17442430000166
17447307000138
17458669000124
17461719000122
17462286000120
17465635000167
17466387000179
17472278000164
17475988000148
17486754000104
17512912000145
17513233000271
17514623000185
17526067000167
17576555000189
17581504000145
17625778000199
17630678000150
17632796000106
17661809000167
17663773000150
17676642000108
17682464000128
17700763000148
17700763000300
17704086000136
17707278000104
17717342000120
17722651000198
17725096000158
17771867000143
17808252000144
17822035002152
17827475000159
17829125000121
17829248000162
17830029000101
17871731000105
17875435000182
17888535000143
17891064000122
17896979000120
17897770000181
17910204000162
17915708000175
17921704000108
17923810000112
17934130000102
17952607000174
17962701000295
18047657000170
18055919000148
18072764000158
18086583000180
18088289000108
18105580000147
18116490000151
18125970000189
18136904000104
18147283000164
18147622000102
18159970000108
18162031000104
18166962000180
18173919000142
18180341000151
18182325000106
18184506000163
18199475000114
18232717000124
18233020000178
18250413000190
18266573000208
18269239000127
18274923000105
18308175000126
18311497000124
18323709001750
18335071000100
18336780000100
18341815000108
18349994000111
18362195000185
18385077000192
18386628000132
18394228000179
18407447000145
18431671000172
18451944000140
18454022000197
18459628009767
18459956000111
18467445000141
18468205000161
18476349000160
18493830000163
18519219000167
18519725000156
18552033000100
18574531000153
18579173000171
18579356000430
18604271000111
18635925000174
18644084000161
18649171000101
18677456000156
18680332000120
18694818000117
18701404000178
18702840000161
18717757000166
18721713000100
18735319000120
18740207000168
18741429000103
18745819000143
18756687000155
18775301000152
18780623000190
18809382000164
18820783000115
18826959000146
18828524000130
18828722000102
18835198000199
18836779000145
18836913000108
18858151000140
18877243000178
18899323000124
18900026000151
18914483000103
18923365000153
18966739000207
18975589000109
18994384000170
18995457000149
19003488000139
19005204000143
19013627000105
19021048000104
19022416000139
19022767000140
19026964000137
19032430000113
19034916000190
19044309000101
19074003000106
19077842000170
19088605000104
19099657000186
19116488000145
19122936000113
19131137000103
19131393000109
19133726000120
19183400000108
19192123000108
19193527000108
19201732000178
19221088000108
19223054000144
19244212000142
19255771000158
19269250000150
19287519000120
19316524000114
19335311000130
19347361000137
19362945000181
19363983000159
19378769005305
19381604000153
19410510000165
19420138000178
19428087000120
19444031000160
19444651000107
19448616000158
19451535000107
19469281000154
19493732000199
19495405000176
19554098000157
19554960000121
19555146000121
19557786000170
19570720000706
19571361000116
19575614000120
19576309000152
19588322000121
19597029000120
19611064000157
19622023000166
19625833000176
19633424000111
19639940000315
19653054002047
19654337000140
19681377000181
19688057000153
19697684000150
19717643000189
19717870000104
19720684000124
19751174000114
19760235000100
19769945000109
19780730000180
19827002000187
19827192000132
19828872000170
19831664000120
19831793000119
19850311000178
19891676000140
19921237000133
19922377000126
19922642000176
19941698000178
19949769000189
19954004000137
20035686000163
20077375000167
20087968000104
20088681000107
20115068000123
20136019000410
20156449000150
20166877000164
20202220000105
20202872000220
20211797000183
20227692000112
20276207000109
20290559000100
20294063000105
20326332000178
20330068000146
20352904000193
20421926000168
20425281000131
20430668000186
20432884000160
20439186000197
20453780000132
20465202000116
20471970000182
20473312000120
20481118000196
20482920000109
20483193000196
20489064000105
20502104000101
20510631000168
20515983000106
20520316000111
20533295000330
20543409000161
20550625000134
20555389000491
20594387000169
20621038000199
20622347000183
20657155000102
20665473000115
20720905000224
20724469000180
20733350000174
20741876000104
20745692000104
20753443000160
20770566009409
20772716000114
20784313000195
20784728000169
20812347000146
20812619000108
20861961000106
20887750000134
20908612000194
20915722000183
20920517000106
20921729000108
20921968000168
20939754000119
20956392000174
20956481000110
20971821000182
20978588000160
21000092000180
21012918000120
21036010000157
21036937000197
21061770000114
21062777000150
21069420000102
21089201000187
21112395000194
21112949000153
21151275000104
21186781000120
21227039000116
21230568000179
21238738000161
21243159000107
21257684000181
21261911000142
21264879000159
21276541000117
21276825000103
21286632000133
21291075000149
21306287000152
21308480000122
21308637000110
21316521000122
21317051000111
21320654000172
21352262000195
21392417000117
21399398000150
21403984000121
21409107000168
21416517000136
21424240000193
21460343000109
21483615001834
21488092000170
21500755000125
21504525000134
21513977000182
21527009000125
21528528000108
21545863000114
21547011000166
21551379000874
21551379002141
21559536000111
21567205000123
21572082000119
21573652000195
21575526000170
21579468000152
21580105000137
21595464000168
21596355000165
21608895000111
21613975000165
21618261000140
21639761000168
21657225000195
21681325000157
21690355000120
21698912000159
21707794000106
21718933000199
21724121000156
21731071000134
21747616000109
21748841000151
21767486000168
21782356000102
21784572000189
21793208000185
21800593000140
21834603000169
21842152000101
21845927000100
21854689000191
21919579000160
21920379000128
21930221000139
21934438000117
21942511000100
21961671000199
21962572000121
21976834000107
21982891000280
21994472000187
22048632000168
22056427000144
22062851000100
22072727000117
22077561000121
22077847000107
22079196000194
22086683000346
22118109000160
22119380000110
22120304000125
22120485000190
22133996000146
22142975000197
22172177000108
22182795000139
22206847000160
22216067000109
22216688000184
22227973000109
22228679000103
22244722000124
22244808000157
22267226000196
22274123000153
22280916000185
22296587000160
22297288000140
22317948000108
22337049000177
22366329000103
22366517000131
22382705000153
22394164000183
22426682000131
22436378000175
22524747000181
22525517000137
22526936000193
22536678000126
22540034000101
22543055000180
22574816000161
22579725000119
22588386000137
22601664000149
22609215000147
22627453000185
22636233000118
22638615000180
22655038000135
22669178000162
22692042000173
22706161000138
22707339000165
22714202000138
22719918000128
22721618000183
22725777000156
22772488000108
22782906000148
22816315000144
22821748000198
22825872000121
22862531000126
22881920000107
22911124000161
22911135000141
22928579000190
22946788000166
22956770000145
22964948000108
22982623000140
22988668000121
23008729000100
23030654000163
23039262000165
23050531000194
23073007000139
23085871000150
23091019000196
23093584000192
23099732000186
23105078000176
23106590000137
23109142000197
23112748000181
23196583000173
23226695000120
23228076000174
23262384000116
23268243000100
23268633000180
23280196000110
23288828000192
23298866000126
23306207000194
23334784000190
23361387000107
23365148000125
23372597000109
23384022000106
23405990000143
23410454000136
23434790000119
23463259000174
23518341000159
23535805000135
23539214000136
23539439000192
23549313000107
23556435000112
23569972000105
23588621000133
23595914000148
23608114000114
23647237000164
23650468000127
23684531000146
23696715000126
23706033000157
23708060000169
23720828000110
23757650000181
23758210000149
23764824000133
23792525000102
23799842000231
23801944000163
23818812000144
23847221000103
23849625000128
23862700000190
23864271000190
23864942000113
23873344000100
23879002000106
23909321000109
23942225000162
23964820000107
23966157000171
23976258000123
24017992000128
24035925000136
24077447000127
24085444000135
24090700000182
24096709000109
24110720000178
24120631000102
24175602000148
24176812000150
24183988000130
24193193000102
24194791000104
24204000000171
24216174000154
24217490000140
24219106000149
24236717000103
24252285000116
24259828000127
24278025000110
24296390000157
24313357000198
24317997000176
24325781000152
24327745000128
24334764000181
24344713000130
24353391000196
24371543000183
24372130000113
24375848000163
24380578002041
24384947000101
24393127000186
24396729000197
24407767000106
24419445000179
24427812000186
24435360000184
24435379000120
24451435000110
24462524000162
24463706000158
24471941000171
24475164000133
24477500000187
24487206000156
24501218000198
24551894000176
24568847000135
24595488000105
24603061000101
24605227000129
24614797000185
24627924000180
24642584000167
24652465000195
24657970000122
24675507000103
24688722000149
24692871000181
24693328000280
24702112000152
24703937000191
24706364000150
24709632000197
24733905000139
24738613000199
24757040000140
24789180000109
24792503000105
24804561000101
24826631000122
24827291000154
24834864000177
24843634000174
24864422000173
24881254000124
24922187000149
24947591000177
24950318000100
24972018000113
24978766000103
24991202000100
24997326000101
25003733000100
25013530000103
25018526000120
25027024000165
25031668000127
25057844000108
25060727000195
25089951000100
25090674000155
25099482000100
25126626000170
25148387000159
25166870000166
25175294000113
25191931000145
25196886000111
25204078000159
25207083000115
25245017000130
25245772000114
25257766000187
25266685000143
25273591000100
25279552000101
25309819000166
25341162000114
25357316000166
25360755000128
25368972000164
25386019000149
25386393000144
25405723000100
25463374000174
25516378000173
25534201000108
25806522000106
25965743000127
26001035000139
26012984000114
26042240000142
26044069000100
26063233000127
26073208000124
26103802000110
26131316000106
26135358000115
26149319000177
26157393000135
26168820000180
26176661000166
26193419000109
26216675000166
26218314000159
26230868000171
26234900000197
26235504000184
26239451000170
26240632000116
26247140000152
26248929000128
26249668000160
26253805000130
26258472000132
26290146000102
26291343000146
26303607000134
26306587000155
26323440000173
26337395000106
26348501000157
26368448000156
26388489000104
26391097000102
26401571000121
26427828000114
26444653000153
26452796000107
26457348000104
26469513000130
26469541000157
26481518000188
26497800000153
26499522000173
26510981000100
26515649000139
26549468000123
26551165000145
26551425000182
26587509000176
26601943000163
26614320000125
26623360000133
26624355000145
26627886000191
26632518000131
26640008000106
26643304000160
26644910000109
26656774000169
26685436000155
26702164000154
26714417000100
26716048000194
26722490000123
26723181000178
26729755000115
26735752000194
26739238000127
26742152000153
26749211000115
26754510000148
26761645000130
26768764000115
26786305000164
26796200000196
26806556000163
26824426000153
26832588000133
26836227000165
26847096000111
26847124000109
26854929000171
26858293000136
26874180000124
26877281000159
26888697000172
26913207000140
26940667000168
26957388000107
26960993000137
26981470000177
26991097000135
26996260000152
27019000000190
27046921000141
27061442000285
27074118000110
27080739000107
27083994000103
27103616000144
27107279000163
27133259000167
27141930000111
27157653000135
27162489000154
27174058000108
27176482000191
27205945000104
27222120000190
27226575000183
27232288000186
27234752000173
27265671000130
27274178000187
27311107000107
27320730000126
27325768000191
27340262000151
27364462000144
27388469000104
27400552000143
27403752000150
27432030000123
27434826000115
27449808000107
27479035000101
27489162000191
27493779000180
27493891000111
27498069000143
27537859000190
27545656000146
27548227000203
27559392000180
27581606000114
27595780000116
27609549000134
27613072000160
27623965000197
27630446000156
27664931000140
27673878000144
27703597000197
27713219000194
27721425000146
27745509000110
27813226000168
27817504000155
27818713000113
27839992000100
27854106000109
27859410000149
27864869000130
27874317000103
27907844000177
27908285000110
27944573000120
27975551000399
27989779000176
28004857000107
28037230000144
28076288000105
28082137000151
28088733000149
28110516000108
28115940000145
28123417000160
28145496000100
28164843000142
28209943000148
28214459000107
28233494000173
28236656000127
28238391000104
28241480000100
28255113000157
28287999000110
28294453000197
28302534000191
28327289000177
28341429000161
28345933000130
28352232000128
28376837000159
28419096000146
28419352000103
28421015000142
28421123000115
28461828000166
28472036000278
28489248000187
28492798000155
28500297000173
28506066000177
28516298000106
28517438000160
28531958000128
28555292000148
28562491000183
28563124000102
28584157000392
28585944000197
28594543000101
28596828000173
28634060000185
28642912000186
28643008000195
28662198000198
28664584000119
28667948000114
28673951000140
28677887000176
28700530007689
28700832000130
28704569000157
28706488000196
28736000000173
28736083000109
28773491000122
28793790000129
28803868000149
28820255000110
28853028000190
28856289000164
28857380000102
28861304000162
28870643000105
28877319000119
28882885000119
28892298000100
28899065000130
28911309000152
28918619000107
28924922000104
28932041000135
28944275000100
29023342000109
29024468000106
29024588000103
29032826000114
29037370000185
29057136000110
29057587000157
29089898000106
29175860000148
29180955000230
29184280000117
29192351000123
29196670000107
29202575000179
29206230000193
29222667000110
29280308000110
29286683000177
29296383000179
29312896000126
29322621000173
29324256000136
29332712000190
29349061000140
29350330000199
29376268000104
29391887000178
29397630000123
29404097000180
29419258000109
29460288000169
29462570000185
29466322000102
29492479000102
29494115000161
29495243000120
29532264000178
29532668000161
29548396000198
29579804000179
29581897000176
29597566000124
29605329000168
29605776000117
29614830000190
29644840000179
29646397000175
29646786000109
29701558000186
29703168000145
29710441000169
29715704000122
29725927000170
29732853000108
29751330000109
29752566000151
29755673000133
29770789000141
29792133000120
29860353000143
29860395000184
29881154000111
29889263000185
29894864000267
29896896000110
29905551000186
29907790000175
29923573000179
29933669000118
29964676000187
29978236000189
29987662000189
29994745000103
29996084000147
30018410000120
30024640000100
30046594000132
30050141000180
30056510000141
30063889000117
30078476000106
30090643000134
30092431000196
30121180000120
30128401000192
30160323000103
30173129000162
30181251000180
30195733000190
30203451000278
30226449000133
30231212000140
30252638000180
30286663000185
30314497000183
30347391000186
30358870000106
30372538000198
30379525000140
30380856000109
30430226000274
30437778000123
30446383000197
30499788000193
30533873000120
30535468000141
30536715000124
30553793000137
30579577000160
30584194000180
30597921000144
30610589000100
30620393000105
30628488000167
30635870000106
30656494000128
30670371000141
30677164000119
30680484000128
30690006000107
30704725000121
30708914000172
30716508000151
30722213000198
30757668000149
30759356000174
30766874000115
30807771000156
30809465000159
30839331000180
30848671000178
30864357000189
30865998000158
30866576000288
30866722000194
30870213000135
30888187000172
30890110000137
30902547000143
30924946000105
30932741000171
30941270000249
30960316000196
30963826000117
30965048000103
30972896000131
30973080000122
30984692000110
30986684000103
30994121000167
31024908000169
31028653000102
31030858000122
31057891000146
31070939000156
31080614000154
31089900000180
31097573000109
31100099000127
31109248000119
31172252000121
31204098000122
31286638000164
31295812000135
31297564000161
31322276000110
31322368000108
31322418000149
31339600000102
31393647000154
31401798000107
31420049000127
31421302000248
31423546000189
31461634000175
31495962000273
31498120000194
31508320000180
31534922000102
31552803000182
31576087000173
31600348000143
31600475000142
31619800000119
31629675000128
31657859000100
31672379000100
31673254001095
31686433000176
31688276000138
31690787000194
31708457000189
31709675000138
31744308000175
31801716000111
31810636000122
31822054000166
31851052000103
31864299000156
31868626000148
31882944000163
31887779000132
31890783000150
31895182000130
31898500000116
31931501000115
31933938000198
31951287000169
31953767000169
31958700000117
31965991000170
32005178000111
32009930000100
32016043000151
32046644000107
32050743000162
32059301000187
32065722000110
32088356000115
32089816000120
32150633000172
32159298000173
32163965000191
32202436000150
32227833000186
32247281000178
32276009000116
32280604000125
32282308000163
32284434000157
32294504000158
32312350000180
32320577000177
32321488000145
32328127000120
32333497000156
32350180000128
32353158000131
32380459000154
32396720000104
32399280000149
32420253000100
32440968002098
32468112000168
32477067000108
32480783000144
32482767000190
32483656000107
32566556000136
32578350000126
32578926000155
32584284000105
32593430000150
32595115000162
32597474000159
32618418000153
32618995000145
32635714000162
32690699000155
32701710000135
32707444000158
32708161000120
32709736000120
32726988000167
32731746000161
32734117000195
32760184000184
32762666000173
32773598000148
32779818000140
32787176000121
32787486000146
32803358000149
32810983000118
32847526000106
32850995000176
32879576000167
32910775000190
32917283000127
33008679000114
33024657000148
33033936000178
33040635000686
33042304000170
33050071000158
33050196000188
33065699000127
33069212000850
33074433000140
33131856000155
33149502000138
33154286000119
33202561000122
33209770000106
33219101000107
33219836000130
33256506000115
33263474000185
33264279000170
33268538000130
33324795000142
33347913000138
33393503000123
33393798000138
33394898000189
33398831000112
33419290000161
33431712000114
33440011000141
33460679000150
33460764000119
33488660000112
33490946000132
33501070000182
33513251000129
33517594000161
33551382000109
33552051000185
33584064000136
33601006000173
33613876000162
33614013000100
33614493000109
33618090000138
33620529000167
33627497000121
33641663000144
33645056000152
33645482000196
33661745000150
33673930000165
33674453000152
33678174000167
33683111000107
33693563000161
33698177000243
33726859000131
33730192000221
33744508000153
33744773000131
33754164000163
33764589000153
33772464000175
33781677000163
33781677000244
33784346000187
33791170000190
33797356000157
33804212000180
33822341000100
33842718000184
33850368000106
33859698000154
33884155000197
33891147000178
33921210000171
33922221000176
33943013000153
33980249000160
33988046000110
34000327000185
34002714000150
34009638000105
34028316000103
34028316000707
34028316001002
34028316001690
34028316001851
34028316002661
34029954000149
34030835000106
34038516000147
34054088000146
34056087000130
34060409000115
34061908000127
34064557000108
34075739000184
34086464000184
34090042000182
34124663000130
34126143000166
34126852000141
34180582000157
34219868000107
34223536000198
34224073000189
34238351000157
34238777000100
34258475000102
34274233000102
34332477000196
34346501000146
34346979000176
34360630000199
34365745000176
34383762000136
34390461000130
34396122000160
34409353000161
34411638000137
34412925000161
34414691000191
34437203000161
34446741000112
34471503000167
34475174000122
34490324000177
34499134000110
34513386000157
34514779000185
34533057000178
34565583000110
34600852000131
34621998000163
34622939000100
34669250000130
34686134000120
34701658000142
34702727000132
34707920000166
34714779000129
34724046000175
34733562000166
34738278000182
34747664000130
34748569000151
34752157000195
34771531000108
34780277000104
34784047000105
34794255000195
34826149000146
34840358000144
34844383000104
34848473000165
34891289000106
34914897000180
34926350000103
34929254000100
34986462000141
35000103000136
35005433000114
35020039000155
35040643000143
35046657000174
35048738000103
35059072000199
35072936000102
35088051000100
35113338000134
35115124000105
35120680000161
35135052000150
35136493000176
35147368000161
35161551000111
35175048000115
35181056000174
35206344000136
35230477000148
35236131000157
35240999000120
35257760000163
35263905000139
35265064000107
35279491000136
35281169000141
35281622000110
35313103000196
35349266000129
35398112000127
35417841000183
35423228000179
35442895000107
35462689000150
35483582000199
35516399000142
35542612000190
35543480000111
35569716000199
35572248000101
35581117000190
35585896000100
35626812000121
35649638000132
35678685000104
35682955000150
35689607000105
35706397000116
35715234000876
35741144000183
35753111000315
35761275000122
35765072000104
35783897000151
35785784000195
35812334000144
35820448002503
35820448009435
35820448021303
35827321000149
35839442000100
35852477000180
35854326000160
35862553000138
35865938000159
35871222000164
35897823000146
35901437000180
35917088000195
35959514000153
35963479000146
35971738000180
35978423000165
35997345000146
36003671000153
36032533000100
36037866000114
36042258000106
36045363000190
36090401000127
36091140000160
36097231000102
36114177000166
36142074000100
36148696000145
36159601000199
36160222000119
36163690000147
36165102000104
36175357000158
36177677000147
36180950000192
36222989000125
36238364000151
36240458000165
36241914000191
36242997000133
36255117000163
36256818000117
36261977000100
36265644000159
36270594000106
36271350000130
36282191000179
36289408000253
36306691000101
36308775000176
36310930000199
36338049000104
36364039000135
36370575000143
36399751000170
36403787000180
36433053000143
36441185000206
36455724000177
36463879000155
36469275000116
36473417000119
36481742000123
36490494000187
36501204000153
36516923000148
36518478000155
36519741000120
36521392000181
36521392000262
36532868000180
36547968000180
36562909000180
36576084000153
36590911000163
36629597000185
36682582000180
36692632000100
36709256000110
36718488000134
36718694000144
36757380000150
36764774000136
36765011000100
36773625000133
36835969000120
36850082000100
36857676000143
36868198000177
36926886000146
36938497000130
36944394000183
36956834000112
36958637000132
36969405000180
36999842000146
37001681000112
37052351000156
37054879000164
37059533000159
37073831000101
37090234000187
37091111000160
37104931000140
37124073000103
37140339000101
37151377000151
37151787000100
37165739000163
37165739000244
37168022000175
37184585000157
37185944000190
37215117000100
37220733000141
37256314000160
37278582000182
37278673000118
37278754000118
37309633000196
37313045000126
37334256000145
37364053000100
37400911000116
37406687000170
37421415000149
37430319000167
37443263000185
37467246000188
37478920000120
37481139000104
37490645000160
37525545000121
37536540000102
37565164000176
37588878000108
37594830000102
37609080000197
37615788000150
37623347000109
37634891000148
37652289000133
37676047000180
37683566000175
37712407000151
37723951000107
37727928000182
37730372000183
37743827000103
37751411000129
37754502000118
37799827000117
37803508000138
37804065000108
37811797000117
37813746000124
37828405000122
37837041000147
37844479000233
37868661000143
37878675000148
37882355000161
37902352000142
37907090000109
37912883000116
37918420000161
37919547000103
37933858000119
37952094000109
37952262000166
37960485000175
37984028000110
37999116000196
38029650000132
38030115000100
38048013000103
38049546000100
38054195000125
38073815000173
38085564000147
38135455000197
38143209000187
38182923000184
38230506000160
38235887000170
38240274000120
38240496000143
38311637000171
38323446000120
38328115000182
38332450000154
38345579000105
38348805000101
38404532000167
38408846000138
38408899000159
38425755000100
38472032000162
38493577000155
38540669000149
38597881000142
38613730000130
38635277000163
38653855000194
38658399000175
38668125000167
38813655000151
38820992000176
38905386000153
38948114000130
38972458000185
39157266000188
39247235000118
39252780000100
39253431000286
39286785000146
39320478000134
39323495000125
39340501000152
39371768000107
39395436000162
39415957000134
39427689000170
39434226000136
39436640000184
39473179000130
39485868000164
39507950000142
39508434000132
39509826000116
39510411000162
39535062000133
39537400000176
39557587000170
39581101000139
39610184000147
39649812000106
39655478000195
39659767000162
39678810000137
39688010000105
39700820000121
39707683000157
39708868000186
39725594000214
39726068000198
39760797000160
39790946000134
39800235000101
39833053000129
39857119000110
39895975000160
39896832000173
39905061000133
39910833000125
39935346000117
39936355000122
39942698000108
39973354000158
39998900000105
39999415000156
40000554000103
40006641000178
40015632000143
40021146000138
40057319000178
40101267000190
40126188000133
40126846000197
40127217000181
40175705000164
40178961000105
40223106000179
40230475000199
40233551000110
40260072000192
40261798000140
40273957000126
40278218000127
40282584000150
40321880000112
40328997000128
40341986000188
40343780000197
40348214000178
40355689000191
40362409000172
40377784000196
40391449000142
40398975000134
40400984000112
40401144000174
40411391000151
40432544000147
40448471000181
40455009000101
40479340000161
40483982000134
40500706000137
40500862000106
40567016000103
40575423000154
40593578000113
40614949000104
40623174000125
40628886000137
40629682000110
40634663000182
40659772000154
40689272000165
40693068000118
40697569000172
40712072000186
40717452000103
40728421000158
40736439000100
40738368000176
40744626000127
40783051000151
40787152000109
40812711000185
40818010000153
40841411000124
40841585000197
40868432000133
40876269000150
40911552000176
40929669000187
40938465000102
40949490000191
40968252000123
40976095000106
40990509000143
40993527000189
40997262000197
41001483000126
41015088000100
41041493000195
41058406000102
41073251000183
41086624000150
41125429000192
41126148000154
41126515000110
41141952000102
41141956000190
41155689000100
41195040000113
41209496000195
41213841000164
41224937000128
41228741000101
41230162000101
41232530000142
41245254000157
41261693000153
41263941000103
41276653000185
41315475000154
41319803000190
41322314000198
41340103000188
41345942000199
41364836000152
41365113000178
41367384000162
41381977000183
41408334000186
41415821000176
41467750000155
41475840000198
41476110000101
41479647000125
41483608000100
41489068000163
41490756000143
41500407000165
41507227000105
41513647000102
41522540000112
41527725000110
41570077000184
41576001000166
41582087000130
41583896000166
41600131000197
41602860000182
41621001000130
41659241000124
41683850000119
41684577000147
41701945000118
41720936000174
41733464000194
41737131000133
41742717000196
41749484000153
41769269000114
41769575000150
41769803000192
41786083000173
41836567000180
41841443000192
41862575000109
41872573000192
41897779000177
41911171000150
41925273000124
41932289000164
41932965000108
41947390000199
41972566000162
41990237000144
41994791000108
42009662000172
42024576000139
42040380000138
42090682000110
42092374000124
42105335000114
42106787000110
42147589000103
42152392000154
42153841000189
42164792000180
42187486000169
42188807000140
42242434000148
42254577000170
42274557000160
42282002000160
42291052000104
42307901000170
42307966000116
42323994000127
42339589000105
42352734000180
42365268000177
42384551000146
42400276000107
42440176000104
42490559000197
42496258000170
42521088000137
42526603000171
42535981000111
42563454000110
42581113000178
42611727000155
42639607000166
42663698000175
42692819000107
42707227000111
42735302000158
42753718000107
42785776000104
42786044000139
42810782000174
42826359000162
42837357000179
42841176000116
42846652000191
42851740000181
42855888000194
42857214000129
42862642000140
42880674000330
42889678000117
42895056000100
42901319000138
42921840000137
42932802000180
42948427000166
42973356000151
43025186000146
43044418000103
43054383000193
43076702000161
43081047000130
43108731000168
43112401000146
43122544000139
43125043000106
43140333000129
43152461000192
43166956000170
43172124000167
43176983000124
43192344000152
43202769000103
43231338000167
43231355000102
43233216000100
43269791000162
43282056000199
43287805000170
43295831000140
43301274000123
43319103000121
43375271000134
43392983000161
43423620000146
43438187000112
43446228000112
43455634000141
43455814000123
43471316000174
43493499000129
43542001000170
43542415000108
43548244000116
43573889000109
43574885000145
43585214000180
43610928000109
43687155000150
43728245000304
43728245004130
43735903000123
43750420000106
43767575000147
43776517000180
43793950000123
43795628000133
43800189000100
43843358000350
43877098000172
43892634000109
43894609000750
43920774000143
43979792000109
43980224000110
43998091000109
44007281000180
44013219000109
44022137000112
44075687000108
44082524000144
44100756000188
44102585000126
44102941000101
44137440000160
44147278000161
44147523000130
44179418000183
44187544000180
44189139000109
44215757000178
44233812000152
44240126000109
44248074000117
44257157000172
44280492000191
44307153000151
44323721000108
44324175000120
44329924000101
44346537000183
44362540000190
44382621000152
44389891000195
44421339000137
44441407000120
44449147000139
44455630000126
44470316000112
44471078000160
44478911000102
44509894000115
44542527000113
44554219000108
44556654000171
44562943000264
44567422000119
44570780000180
44570843000107
44571519000103
44597052000162
44619485000171
44624578000194
44644972000194
44653093000129
44658678000131
44683135000174
44703171000152
44705774000193
44714654000152
44718705000114
44719432000122
44722571000105
44744643000115
44750518000118
44759916000103
44786497000190
44820870000182
44821594000177
44825501000263
44841520000283
44867835000119
44880091000172
44883034000147
44899803000103
44900418000120
44911827000122
44921333000129
44922615000140
44922978000186
44923685000113
44973823000179
44982273000154
44993632009559
45012203000136
45014767000108
45046449000129
45053942000176
45071356000154
45107793000180
45137754000126
45151994000185
45154397000104
45157429000125
45197376000176
45241576000189
45250428000120
45267148000125
45274931000116
45280616000100
45290045000186
45291154000118
45308592000141
45322752000107
45339142000116
45340787000179
45343061000190
45385025000199
45386476000140
45399211000187
45401743000101
45438114000156
45438636000158
45458851000110
45459863000160
45499422000191
45524496000130
45525687000117
45554568000192
45570293000180
45591730000142
45597215000170
45607332000177
45644476000101
45652976000187
45656426000136
45660824000126
45702659000128
45704834000116
45709001000148
45718265000168
45724795000119
45739720000101
45745469000198
45746514000129
45747626000102
45759150000111
45793198000146
45793573000158
45795016000176
45812327000104
45837841000196
45839881000177
45844900000153
45845571000165
45847950000194
45863281000144
45877684000142
45881615000102
45883165000197
45890440000108
45938701000104
45966780000167
45967069000127
45969527000167
46010439000104
46027640000196
46052953000102
46055552000106
46073134000133
46073463000184
46081408000136
46100059000152
46129861000175
46135499000145
46158347000168
46161419000126
46161570000164
46183991000196
46198080000132
46214337000100
46227892000169
46238171000154
46277700000129
46293794000120
46305226000100
46326787000187
46333345000168
46337991000101
46339580000147
46342054000136
46359443000174
46380087000170
46381269000166
46415417000116
46423434000103
46429690000108
46449285000143
46506817000137
46517822000145
46591627000165
46611603000120
46613430000180
46615867000152
46623193000138
46633850000128
46636768000157
46670645000132
46671453000140
46678452000128
46689778000150
46690109000107
46691713000140
46713686000169
46728867000169
46731361000109
46783253000180
46785662000115
46814903000107
46850651000171
46860288000175
46869912000103
46875281000127
46884097000143
46884905000172
46928110000119
46952637000189
46961321000153
46985752000150
46988982000172
47003579000100
47008789000190
47023300000150
47030708000159
47038747000100
47063094000101
47071003000180
47075363000150
47078704000140
47080085000129
47097291000141
47101101000112
47105976000192
47144898000135
47157646000140
47171676000101
47177231000139
47186269000178
47186967000173
47189589000181
47190313000113
47193115000103
47200138000106
47201687000197
47206779000160
47211573000128
47218335000144
47235723000133
47257471000143
47259102000190
47260244000177
47282641000140
47292400000181
47293978000152
47294037000133
47298147000173
47305688000181
47312805000134
47320044000162
47346694000187
47363565000105
47367121000130
47378693000114
47411780000126
47426140000190
47436319000128
47454600000193
47457244000161
47461324000190
47484691000100
47491167000166
47501661000164
47531706000143
47536648000140
47537297000192
47590484000130
47591595000160
47636298000194
47636648000112
47647493000110
47648890000106
47735156000184
47756514000135
47759958000124
47761551000131
47779505000160
47802683000164
47810934000152
47812320000100
47820929000120
47821127000135
47825877000185
47830444000118
47838579000120
47854984000131
47864410000144
47867375000117
47869078000453
47882418000133
47889635000155
47923249000132
47934999000100
47941013000129
47944404000105
47951359000108
48000136000128
48008844000105
48009091000152
48040995000140
48042490000115
48057203000140
48057879000134
48058173000197
48061510000103
48065444000131
48135786000180
48138653000168
48145101000187
48146142000198
48172701000134
48191158000112
48205748000157
48248851000184
48256518000117
48262069000110
48303725000185
48340735000190
48375926000198
48398998000150
48428150000127
48431529000196
48450080000103
48460426000154
48471301000120
48488278000186
48499076000130
48505795000116
48515394000147
48515434000150
48528936000116
48541510000445
48543216000120
48549135000137
48560136000182
48566347000122
48581778000168
48584906000127
48594681000190
48626776000148
48640264000136
48640718000179
48654244000114
48658655000188
48665517000126
48692931000124
48706431000102
48715394000190
48723627000105
48750555000187
48760218000170
48764409000100
48764648000160
48764697000101
48791685000168
48807054000190
48822668000140
48853304000128
48877805000144
48878990000191
48906936000102
48926352000107
48927527000192
48928977000108
48931217000141
48939276000166
48941539000171
48962620000138
48965624000170
48975938000153
48991088000187
48993720000121
49007989000154
49038082000152
49042895000116
49044435000127
49054973000100
49071100000106
49087735000193
49107082000167
49115459000120
49120669000106
49125377000166
49149027000130
49197889000138
49221055000110
49228695000152
49230882000170
49233322000170
49242207000161
49253021000108
49259752000160
49267475000138
49271595000109
49300054000161
49324221000104
49324221001690
49337910000153
49341541000172
49341857000164
49351786001152
49357884000125
49365475000170
49380059000141
49383628000102
49418281000196
49420371000111
49422071000171
49450180000100
49453745000103
49456772000121
49487613000194
49490183000160
49495263000108
49506242000140
49506420000133
49512790000183
49531105000166
49535491000164
49546038000153
49572576000112
49592040000169
49606655000105
49613569000111
49636091000145
49643480000106
49649839000144
49650279000148
49650840000199
49671963000106
49673898000158
49674763000107
49695571000187
49704499000298
49709450000147
49724858000198
49728772000133
49742266000107
49743094000188
49764155000193
49795709000110
49834549000170
49844670000183
49848880000140
49883613000103
49938521000183
49944751000155
49958552000104
49961302000115
49961669000139
49975935000182
49984371000144
49993861000107
50017142000130
50021629000196
50024982000120
50030741000193
50032520000154
50046291000127
50060469000194
50065032000143
50095532000128
50099110000120
50121066000108
50149444000161
50157929000105
50158941000126
50162682000107
50175446000125
50195488000128
50195570000152
50215152000180
50215874000134
50237407000105
50246619000159
50247071000161
50247071000404
50273443000124
50320504000167
50326169000104
50337569000115
50344473000184
50345510000179
50366389000161
50374729000104
50381955000104
50387433000110
50387791000122
50391763000189
50395245000133
50400407000184
50424661000112
50429068000169
50429810000136
50432500000170
50445599000145
50448833000198
50479297000198
50507686000180
50509834000103
50526313000156
50531135000151
50531688000104
50546419000111
50567060000169
50585979000185
50591089000186
50602726000172
50615423000194
50623055000126
50638732000180
50644308000148
50651003000163
50656080000106
50670493000145
50679969000109
50694319000132
50700416000190
50704028000188
50715043000121
50730501000100
50730549000100
50747122000114
50749508000165
50750136000197
50752211001040
50768912000186
50773879000182
50784790000111
50826443000104
50832957000172
50843133000106
50872681000156
50881022000186
50911223000189
50920230000147
50937669000182
50939633000138
50958011000157
50981449000156
51000671000193
51017180000155
51032150000118
51034132000175
51036832000107
51040948000101
51045980000180
51053659000147
51055073000111
51055810000186
51077233000123
51091588000177
51099516000176
51116702000176
51117135000172
51140560000182
51153042000101
51158968000181
51163953000101
51174387000133
51235817000180
51245708000143
51257431000179
51265276000132
51275639000110
51290459000108
51313030000199
51325878000138
51341381000103
51344897000101
51345873000177
51364430000123
51377909000102
51387881000186
51388529000165
51397820000108
51406738000194
51412009000140
51424864000171
51445664000103
51445959000171
51449564000147
51453064000189
51479030000163
51483377000180
51487626000105
51496064000166
51543641000123
51572216000162
51573702000286
51577168000103
51597697000160
51607431000151
51622456000124
51627661000182
51635906000113
51659136000149
51670778000149
51672090000106
51692199000105
51693321000150
51696319000134
51705212000105
51710261000136
51713456000130
51740794000160
51759232000169
51760938000140
51769055000100
51780468000268
51804071000188
51825094000179
51832046000108
51837171000100
51845036000107
51852845000146
51854069000113
51873858000100
51885451000194
51887508000194
51890698000107
51892897000146
51920700000135
51945754000155
51946071000112
51958625000100
51960220000106
51962871000127
51978129000100
52023056000165
52062074000156
52065409000190
52087237000155
52091344000157
52094857000111
52131706000196
52133341000139
52134653000167
52160765000192
52162515000191
52178537000140
52179963000106
52179970000108
52191627000170
52208900000122
52209835000150
52224601000181
52244499000186
52274057000182
52277146000182
52281767000130
52284347000107
52301374000140
52305536000119
52307066000122
52331094000185
52332054000158
52333210000103
52346549000136
52346736000110
52350554000112
52366733000148
52367027000110
52386933000162
52405897000137
52415745000115
52426252000180
52439079000155
52439352000141
52448548000100
52496119000109
52505145000148
52505574000115
52508742000126
52511096000156
52524430000106
52552041000194
52574422000174
52585078000119
52606798000113
52623939000106
52627093000182
52639191000130
52643251000198
52657257000114
52663067000100
52684843000158
52690360000166
52699545000131
52704921000139
52796607000123
52805020000133
52808009000127
52815475000130
52817727000160
52823703000113
52828936000109
52874785000125
52890701000147
52894977000101
52917380000127
52933047000101
52946285000151
52967925000100
52969017000155
52996455000102
53033686000183
53047910000196
53060310000168
53061002000157
53061909000116
53063147000197
53083844000100
53088010000197
53102968000195
53110005000133
53121054000171
53131516000131
53157572000145
53165106000454
53198993000114
53199164000156
53204333000107
53244386000143
53249086000157
53249470000150
53254670000109
53256089000118
53269359000125
53272813000105
53276610000189
53285070000108
53291908000168
53305940000155
53312616000164
53313988000105
53317162000114
53319643000169
53353590000100
53382376000174
53402589000110
53425572000189
53437315000167
53438403000183
53441926000189
53445793000119
53448169000175
53457271000137
53458671000167
53477583000102
53497070000163
53498104000134
53499240000149
53513536000177
53524443000148
53531645000117
53541214000131
53553859000194
53557733000198
53558020000149
53568001000101
53569592000123
53571459000101
53588150000124
53600991000100
53604630000131
53614094000155
53623332000199
53624602000186
53634609000189
53640280000169
53640401000172
53665245000102
53677483000120
53690629000177
53702276000188
53706962000127
53719947000113
53725812000160
53726295000144
53734381000107
53760213000188
53774099000145
53800800000153
53812059000140
53824879000152
53836075000173
53850838000130
53866339000131
53870525000144
53881602000161
53919689000119
53940195000116
53968717000198
53999948000169
54016841000116
54019397000192
54043075000189
54044766000105
54074304000122
54084848000175
54085570000150
54092526000178
54132859000183
54141069000164
54177886000172
54191767000174
54198140000145
54198647000107
54241847000197
54249718000145
54256693000107
54277946000129
54281055000146
54305083000156
54311542000104
54322844000188
54323856000127
54325752000151
54336097000137
54336199000152
54339184000148
54349003000164
54361487000167
54362519000149
54365957000160
54388779000193
54389715000107
54421388000123
54421738000151
54430705000178
54431559000103
54432658000100
54436523000104
54442095000122
54453769000194
54487432000106
54494740000150
54496178000102
54531612000130
54537542000127
54561447000169
54565478000198
54571285000140
54589560000152
54595919000102
54611985000110
54629833000145
54630293000110
54633480000157
54634918000111
54639010000109
54639636000107
54641670000116
54647123000148
54664948000170
54667006000146
54679432000108
54680138000108
54701355000137
54710500000146
54725566000100
54734778000153
54766962000185
54800126000170
54815190000124
54827009000108
54835574000109
54843246000154
54860605000181
54883299000107
54886990000136
54897607000145
54899755000107
54903303000143
54977710000103
54977710000286
54985418000124
54991109000167
55020757000139
55044066000175
55045644000198
55048684000193
55049717000110
55060886000150
55072564000121
55085646000100
55088157001001
55105730000149
55109583000185
55119098000192
55144267000144
55144409000173
55149591000236
55160542000113
55165729000100
55167469000101
55245379000191
55249515000111
55274025000175
55285568000198
55304790000190
55309074000104
55312329000180
55334262000184
55401816000119
55416530000107
55422477000157
55439117000168
55457656000120
55473711000175
55520220000138
55565696000195
55593835000194
55596534000114
55618090000170
55618373000112
55621072000148
55622698000179
55623647000161
55644209000180
55661430000146
55664989000120
55670139000134
55672350000196
55675690000170
55692400000105
55695599000117
55696160000109
55741110000104
55745519000190
55750459000102
55764652000194
55779207000106
55781649000189
55785623000109
55786435000103
55797663000170
55797870000125
55800795000104
55808167000175
55813393000144
55819128000173
55853806000114
55869232000172
55880193000104
55926264000162
55930096000189
55934892000190
55935697000184
55941973000117
55949416000142
55949787000124
55971579000121
55972087000150
55986995000101
55988235000125
55991072000130
55994378000140
56004897000186
56011423000161
56026118000143
56052904000115
56061758000194
56081482000106
56083432000168
56095575000190
56099508000143
56122580000144
56125090000100
56160270000114
56176869000146
56215999000817
56266403000131
56340616000166
56360173000175
56385366000180
56385744000126
56386309000116
56392824000109
56416421000152
56422713000106
56605993000180
56607352000164
56634004000186
56642960012205
56687410000107
56689187000137
56700670000175
56795674000184
56889659000103
56890785000170
56933493000177
56933664000168
56945112000170
56948362000163
56970219000178
56994700000101
56998701003484
57003577000174
57006717000168
57015206000102
57015895000155
57050993000123
57056239000109
57063384000109
57069019000101
57088206000132
57095964000188
57111717000128
57111902000112
57125353000135
57137345000109
57142749000190
57142978000105
57156070000150
57156782000170
57168032000118
57171984000190
57177385000184
57204793000188
57212295000187
57224604000139
57225415000180
57227810000100
57276705000153
57334195000123
57353142000150
57355410000172
57393564000159
57394275000174
57394307000131
57394652000175
57398583000178
57405254000107
57412144000172
57413409000157
57423507000175
57456586000110
57457122000129
57493469000127
57494031000163
57494031001054
57498660000161
57515675000190
57536421000159
57553111000142
57601436000153
57618149000156
57629855000101
57685025000193
57685527000114
57690663000100
57706389000102
57707826000102
57713703000184
57716454000180
57718004000127
57721126000172
57733822000107
57736071000174
57736537000131
57744608000148
57745070000196
57748174000154
57748197000169
57765012000124
57794545000134
57812230000172
57869377000107
57890107000170
57921618000101
57924168000100
57931365000157
57952509000151
57972881000120
57977103000123
57977634000116
57978754000138
58022958000163
58055343000133
58061181000146
58114208000111
58139863000124
58149730000139
58172400000164
58179000000180
58181354000160
58183646000131
58188862000170
58229293000163
58258131000153
58269137000126
58277682000164
58283794000128
58311159000107
58327660000161
58329006000197
58337873000174
58367594000153
58378882000103
58391984000169
58421861000123
58426628000133
58430828000160
58430828001808
58443908000150
58455922000173
58491273000166
58495442000136
58526690000105
58542824000173
58545712000176
58572556000132
58595690000159
58598368000183
58600411000106
58613526000127
58635830000175
58674454000128
58676108000189
58686636000119
58702807000156
58745914000161
58809190000172
58831183000177
58874745000160
58884218000136
58887088000195
58910930000162
58911662000101
58913903000143
58939549000126
58950775000108
58952046000190
58959886000185
59024800000195
59043023000126
59058349000127
59059559000130
59066486000103
59085127000101
59095876000101
59104422010384
59104760000191
59104760000604
59131160000112
59169617000188
59191471000258
59200959000113
59240888000182
59240927000141
59242548000190
59245271000150
59247379000181
59248333000187
59258727000116
59308255000169
59309302000199
59317573000196
59324349000121
59333407000183
59343213000169
59343967000119
59358842000162
59374337000101
59393421000172
59397965000102
59403410000126
59413943000199
59447634000130
59447837000126
59468804000162
59469061000145
59479638000108
59485521000129
59513343000100
59522599000176
59530394000132
59552192000191
59555279000112
59558411000140
59563088000100
59569776000170
59599134000113
59614506000133
59628790000105
59631393000184
59631430000154
59632632000110
59636390000133
59637555000191
59638388000101
59646892000145
59652487000130
59682683000157
59702154000178
59713882000185
59714523000142
59717553000617
59730516000134
59745964000101
59777691000187
59777811000146
59802261000178
59808760000172
59850232000181
59865134000118
59866703000140
59882948000160
59890811000158
59913883000173
59916417000141
59928421000120
59948248000121
59955725000186
59965038000141
60001714000146
60003438000155
60102937000108
60122306000142
60125079000109
60146737000149
60162670000136
60179675000171
60184905000190
60191290000120
60201274000170
60210106000141
60226319000161
60233815000142
60239184000179
60242351000130
60243657000101
60250972000166
60251585000144
60261511000199
60268434000107
60280782000191
60284346000190
60313173000191
60316552000135
60323653000133
60339848000171
60341024000136
60345675000102
60353064000106
60360140000100
60363177000184
60368342000190
60372357000122
60424320000109
60451711000104
60480195000146
60486964000113
60490750000110
60527130000109
60535194000151
60538201000179
60555513000190
60560057000177
60579703000148
60599605000172
60609723000114
60622265000153
60633705000178
60642905000197
60665981000975
60676732000128
60682532000188
60684267000177
60695599000157
60699174000116
60701190000104
60702322000104
60705516000163
60720082000170
60746948000112
60751385000150
60775572000174
60787824000185
60794433000198
60795978000208
60827030000106
60827704000164
60836179000143
60860141000106
60861436000105
60872306000160
60915736000111
60950324000112
60968897000173
60978393000134
61005472000121
61017986000105
61029605000108
61031188000120
61035534000148
61037366000120
61050077000160
61050720000156
61059299000144
61068557000159
61072400000105
61074175000138
61080533000115
61084018000103
61090699000112
61096489000131
61100244000130
61129409000105
61140683000177
61179361000131
61185922000105
61192233000128
61193714000158
61198164000160
61198807000175
61256232000108
61260758000153
61268093000124
61302755000135
61335928000111
61337969000147
61345806000106
61358053000173
61363747000107
61374161000130
61379580000164
61380415000122
61418042000131
61424788000158
61437662000118
61484596000137
61539240000153
61548340000146
61600839000155
61613881000100
61624644000145
61629289000105
61647343000137
61756785000111
61757086000196
61771120000187
61798739000185
61801740000111
61804846000179
61812902000117
61828536000194
61853397000159
61897640000130
61907908000178
61909409000110
61917876000191
61925686000116
61941298000129
61972818000160
61990415000144
62013100000100
62042351000112
62046597000162
62070115000100
62077080000130
62139803000189
62179525000193
62181643000136
62189904000164
62195922000159
62199551000183
62233497000145
62234180000123
62244729000160
62247639000123
62253324000199
62271975000101
62273882000116
62284671000189
62301165000150
62309895000106
62319473000103
62353679000150
62366374000182
62368079000165
62431607000183
62433375000100
62434545000163
62440485000191
62447718000188
62479555000115
62491913000105
62512126000100
62538427000103
62577929000135
62589167000197
62627745000132
62636961000144
62644139000125
62645501000182
62671736000149
62737072000173
62809713000158
62897701000122
62911139000144
62917826000177
62922663000110
62926518000108
63034369000135
63055892000148
63067904000588
63092123000110
63094175000125
63096797000192
63102067000157
63105296000125
63129821000142
63130274000115
63139624000104
63198435000102
63209335000134
63248533000107
63291794000100
63293976000110
63334513000159
63349858000186
63358446000102
63384391000105
63393963000112
63403255000115
63407548000170
63442149000140
63445358000148
63482340000116
63586987000198
63592256000155
63620292000185
63627543000153
63661927000192
63663388000120
63663416000100
63674645000120
63679550000107
63705182000116
63720770000129
63724484000131
63726990000160
63755916000171
63760994000164
63791087000182
63797700000179
63802818000148
63811318000172
63848345000110
63848849000130
63851065000160
63894263000101
63895259000168
63918302000163
63919091000183
63924643000141
63936409000134
63948894000166
63959237000114
63975864000149
64019272000116
64025773000105
64052906000132
64084059000198
64088214000144
64117750000120
64153754000164
64155004000121
64165471000132
64188283000120
64192843000110
64206818000148
64240328000168
64266543000138
64268291000186
64278409000157
64302124000104
64302711000101
64321567000142
64335434000125
64337112000115
64359219000164
64365889000193
64369038000119
64393069000105
64411367000180
64415968000161
64432832000160
64436697000120
64444874000110
64469701000157
64484696000151
64490977000117
64501845000143
64515094000114
64515293000122
64568710000103
64587536000138
64591151000144
64615717000120
64679055000152
64679781000175
64683498000117
64712964000145
64720507000100
64742306000104
64749467000111
64775639000121
64814099000148
64815897000194
64832083000168
64840953000140
64884095000136
64917818000156
64924019000107
64942524000184
64946233000164
64956191000142
64963219000179
64971519000108
65033319000169
65037854000198
65066315000187
65097823000122
65104865000143
65149197000251
65170825000108
65172971000164
65173700000557
65216397000107
65219174000195
65222996000125
65227305000186
65240972000107
65251296000169
65271868000171
65295172000185
65322018000155
65338834000157
65350134000188
65485108000167
65506609000182
65526335000193
65533426000156
65570586000175
65591466000154
65627152000164
65655199000131
65671213000190
65671473000166
65698998000195
65709668000158
65719344000109
65755212000124
65789529000181
65811708000178
65816557000140
65817900000171
65877975000148
65891735000106
65900716000190
65912505000178
65985236000170
66029133000107
66046541000169
66072196000138
66073613000167
66112958000182
66132267000140
66155937000144
66157719000149
66173719000132
66200025000147
66224307000184
66252666000145
66259767000148
66260415000102
66418029000104
66458238000173
66470012000198
66476052000147
66488719000121
66523871000106
66582784000111
66653996000142
66660731000171
66706604000166
66708157000265
66712923000184
66744249000110
66763968000188
66765172000164
66788933000101
66846249000120
66856909000154
66878254000115
66931583000182
66931688000131
66957474000134
66963428000148
66969262000177
66973004000164
66984514000137
66991749000156
67003905000196
67022635000160
67042155000161
67062770000130
67108049000133
67138879000103
67177041000129
67252636000100
67286725000169
67325761000941
67372052000160
67505027000107
67508572000157
67517975000162
67518477000134
67530572000153
67547777000141
67551145000151
67561249000147
67630541000174
67707473000102
67729178000220
67729178000572
67729178000653
67729178000734
67731344000141
67731722000197
67779314000105
67902783000170
67945071000138
68258268000161
68304351000120
68337658000127
68577063000149
68697333000155
68886605000165
69144434000161
69224434000171
69386324000106
69626349000130
70157680000137
71000731000185
71052559000537
71107320000193
71145668000175
71208516000174
71359939000195
71410427000106
71505564000124
71957310000147
71968341000101
72120744000150
72150550000106
72207566000108
72301567000109
72427289000130
72472590000166
72473325000100
72543978000100
72649361000174
72818198000126
72962079000142
73008682000152
73257297000149
73694788000157
73710394000145
73730129001605
73856593000166
73856593001138
73889677000104
74288986000183
74400052000191
74545732000101
75014167000100
75045104000111
75047399000165
75086785000670
75089656000121
75110585000100
75121434000149
75635854000143
75642256000100
76031467000160
76354281000142
76386283000113
76416932000181
76428598000186
76472349000198
76484187000108
76527951000851
76636216000100
76710649000320
76966860000146
77156537000170
77238947000160
77500049029039
77752293006048
77800407000128
77853083000358
77941490000155
77970945000160
78185683000196
78350188000195
78556156000221
78589504000186
78631140000155
78680337000184
78684008000101
78742491000133
78796778000146
78858107001487
79138608000137
79138608000560
79227963000182
79310942000126
79391157000145
79394102000199
79679916000170
79763884000277
79846465000118
80293004000144
80392566000145
80429160000190
80726466000299
80911993000192
81114803000179
81599896000179
81618753000167
81632093000764
81648115000784
81706251000198
82021916000192
82225947000165
82476144000183
82478140000134
82515859000106
82526401000144
82579921000115
82762154000185
82845322000104
82873068000735
82895327000133
82989476000161
82997446000105
83157032000122
83227421000772
83332908000120
83413591000318
83483230000186
83566299000173
83646307000191
83675413000101
83728360000484
84714682000194
84904044000217
84940287000120
84972926000139
85101731000186
85247385000149
85344695000181
85477586000132
86446846000175
86706520000130
86781069000115
86885480000130
87124582000104
87286936000109
87345369000114
87441440000162
87548442000155
87573952001235
87651345000193
87767596000138
87780599000101
87837852000116
87883807000106
88100557000145
88197330000160
88287727000142
88442553000145
88611835000803
88821293000119
89049738001552
89122972001215
89237911028908
89278519000140
89342497001292
89768733000184
89791800000181
89848949000150
90059114000108
90180605000102
90344714000100
90389883000166
90534744000189
90627332000193
90785338000199
90909631000200
91083212000135
91158253000143
91166447000190
91256032000108
91362954000108
91525790001903
91688234000129
91986232000116
92265552000816
92322817000102
92662618000135
92757798000139
92821701000100
92889070000675
93223972000126
93234789000126
93364974000135
93577427000138
93588234000182
93726446000189
93813426000145
93886745000180
93920361000137
94015757000100
94182094000100
94331832000134
94389400000184
94516671000153
94516671000234
94539129000116
94560406000172
94684099000131
94989027000526
95255949000149
95425369001043
95433397000111
95810446000198
96295654000169
96317508000197
96344528000157
96381637000144
96418264010363
96432737000152
97191902000194
97279350000170
97326896000135
97471452000193
97532879000154
97533241000138
97542434000155
97752851000475
